# x	y	u	v	mask
 10.0000	502.0000	     nan	     nan	  1.0000
 22.0000	502.0000	     nan	     nan	  1.0000
 34.0000	502.0000	     nan	     nan	  1.0000
 46.0000	502.0000	     nan	     nan	  1.0000
 58.0000	502.0000	     nan	     nan	  1.0000
 70.0000	502.0000	     nan	     nan	  1.0000
 82.0000	502.0000	     nan	     nan	  1.0000
 94.0000	502.0000	     nan	     nan	  1.0000
106.0000	502.0000	     nan	     nan	  1.0000
118.0000	502.0000	     nan	     nan	  1.0000
130.0000	502.0000	     nan	     nan	  1.0000
142.0000	502.0000	     nan	     nan	  1.0000
154.0000	502.0000	-90.0000	-35.0000	  0.0000
166.0000	502.0000	 81.1728	 80.0000	  0.0000
178.0000	502.0000	     nan	     nan	  1.0000
190.0000	502.0000	     nan	     nan	  1.0000
202.0000	502.0000	     nan	     nan	  1.0000
214.0000	502.0000	 71.9598	 -5.0000	  0.0000
226.0000	502.0000	     nan	     nan	  1.0000
238.0000	502.0000	     nan	     nan	  1.0000
250.0000	502.0000	     nan	     nan	  1.0000
262.0000	502.0000	  1.3893	-25.0000	  0.0000
274.0000	502.0000	  4.0828	-36.3061	  0.0000
286.0000	502.0000	 16.9619	 84.2127	  0.0000
298.0000	502.0000	 19.4013	 85.1214	  0.0000
310.0000	502.0000	-88.2599	 42.0635	  0.0000
322.0000	502.0000	     nan	     nan	  1.0000
334.0000	502.0000	 52.2598	 87.1284	  0.0000
346.0000	502.0000	     nan	     nan	  1.0000
358.0000	502.0000	 31.3244	 10.7083	  0.0000
370.0000	502.0000	 72.1191	-67.3069	  0.0000
382.0000	502.0000	 40.4897	-27.4418	  0.0000
394.0000	502.0000	     nan	     nan	  1.0000
406.0000	502.0000	 -2.2859	  5.5910	  0.0000
418.0000	502.0000	     nan	     nan	  1.0000
430.0000	502.0000	 70.0000	 70.8742	  0.0000
442.0000	502.0000	-61.8298	 70.0000	  0.0000
454.0000	502.0000	     nan	     nan	  1.0000
466.0000	502.0000	-42.3395	 30.1597	  0.0000
478.0000	502.0000	 -9.2349	 61.0989	  0.0000
490.0000	502.0000	-80.0000	  1.6667	  0.0000
502.0000	502.0000	 79.1123	 81.1509	  0.0000
 10.0000	490.0000	-25.0000	-40.0000	  0.0000
 22.0000	490.0000	     nan	     nan	  1.0000
 34.0000	490.0000	     nan	     nan	  1.0000
 46.0000	490.0000	     nan	     nan	  1.0000
 58.0000	490.0000	     nan	     nan	  1.0000
 70.0000	490.0000	     nan	     nan	  1.0000
 82.0000	490.0000	-65.0000	 60.0000	  0.0000
 94.0000	490.0000	     nan	     nan	  1.0000
106.0000	490.0000	 35.0000	 80.0000	  0.0000
118.0000	490.0000	 35.0000	 80.0000	  0.0000
130.0000	490.0000	     nan	     nan	  1.0000
142.0000	490.0000	 -5.0000	 65.0000	  0.0000
154.0000	490.0000	 -0.2920	 75.0000	  0.0000
166.0000	490.0000	     nan	     nan	  1.0000
178.0000	490.0000	     nan	     nan	  1.0000
190.0000	490.0000	     nan	     nan	  1.0000
202.0000	490.0000	 50.0000	-42.3042	  0.0000
214.0000	490.0000	 -5.0000	-22.8828	  0.0000
226.0000	490.0000	 -6.6153	-71.8298	  0.0000
238.0000	490.0000	     nan	     nan	  1.0000
250.0000	490.0000	     nan	     nan	  1.0000
262.0000	490.0000	-13.4768	 15.0000	  0.0000
274.0000	490.0000	-27.9828	 17.4873	  0.0000
286.0000	490.0000	-69.9431	 42.0677	  0.0000
298.0000	490.0000	-63.9236	-38.2250	  0.0000
310.0000	490.0000	-52.7477	-37.7577	  0.0000
322.0000	490.0000	-19.9114	 56.4849	  0.0000
334.0000	490.0000	 -1.7779	-58.8796	  0.0000
346.0000	490.0000	-27.9642	-20.5643	  0.0000
358.0000	490.0000	 71.0130	-25.0000	  0.0000
370.0000	490.0000	 58.0691	-11.7950	  0.0000
382.0000	490.0000	     nan	     nan	  1.0000
394.0000	490.0000	 59.5205	 86.0115	  0.0000
406.0000	490.0000	-80.2556	-41.2356	  0.0000
418.0000	490.0000	     nan	     nan	  1.0000
430.0000	490.0000	 62.7152	 90.0000	  0.0000
442.0000	490.0000	     nan	     nan	  1.0000
454.0000	490.0000	     nan	     nan	  1.0000
466.0000	490.0000	     nan	     nan	  1.0000
478.0000	490.0000	     nan	     nan	  1.0000
490.0000	490.0000	-11.1441	-27.2487	  0.0000
502.0000	490.0000	-10.0000	-28.1344	  0.0000
 10.0000	478.0000	     nan	     nan	  1.0000
 22.0000	478.0000	     nan	     nan	  1.0000
 34.0000	478.0000	     nan	     nan	  1.0000
 46.0000	478.0000	     nan	     nan	  1.0000
 58.0000	478.0000	     nan	     nan	  1.0000
 70.0000	478.0000	     nan	     nan	  1.0000
 82.0000	478.0000	     nan	     nan	  1.0000
 94.0000	478.0000	 64.6537	 -0.0000	  0.0000
106.0000	478.0000	     nan	     nan	  1.0000
118.0000	478.0000	     nan	     nan	  1.0000
130.0000	478.0000	 75.0000	-60.0000	  0.0000
142.0000	478.0000	     nan	     nan	  1.0000
154.0000	478.0000	-90.0000	 70.0000	  0.0000
166.0000	478.0000	     nan	     nan	  1.0000
178.0000	478.0000	 -0.0000	 75.0000	  0.0000
190.0000	478.0000	     nan	     nan	  1.0000
202.0000	478.0000	     nan	     nan	  1.0000
214.0000	478.0000	     nan	     nan	  1.0000
226.0000	478.0000	     nan	     nan	  1.0000
238.0000	478.0000	-85.3763	 74.4984	  0.0000
250.0000	478.0000	-82.5781	-25.9310	  0.0000
262.0000	478.0000	     nan	     nan	  1.0000
274.0000	478.0000	-32.5244	 18.2343	  0.0000
286.0000	478.0000	-48.5374	-21.4634	  0.0000
298.0000	478.0000	     nan	     nan	  1.0000
310.0000	478.0000	 -3.6650	  6.9044	  0.0000
322.0000	478.0000	     nan	     nan	  1.0000
334.0000	478.0000	 72.2816	-21.6257	  0.0000
346.0000	478.0000	-30.9571	-19.8522	  0.0000
358.0000	478.0000	 66.9892	-17.6480	  0.0000
370.0000	478.0000	  0.3704	 46.7953	  0.0000
382.0000	478.0000	-30.1381	-78.9449	  0.0000
394.0000	478.0000	     nan	     nan	  1.0000
406.0000	478.0000	-29.1289	 76.5741	  0.0000
418.0000	478.0000	     nan	     nan	  1.0000
430.0000	478.0000	-73.6101	-36.7668	  0.0000
442.0000	478.0000	     nan	     nan	  1.0000
454.0000	478.0000	 28.0199	-65.0000	  0.0000
466.0000	478.0000	     nan	     nan	  1.0000
478.0000	478.0000	     nan	     nan	  1.0000
490.0000	478.0000	     nan	     nan	  1.0000
502.0000	478.0000	-55.0000	 60.0806	  0.0000
 10.0000	466.0000	     nan	     nan	  1.0000
 22.0000	466.0000	     nan	     nan	  1.0000
 34.0000	466.0000	     nan	     nan	  1.0000
 46.0000	466.0000	     nan	     nan	  1.0000
 58.0000	466.0000	     nan	     nan	  1.0000
 70.0000	466.0000	     nan	     nan	  1.0000
 82.0000	466.0000	-70.0000	-45.0000	  0.0000
 94.0000	466.0000	 64.6209	 -0.0000	  0.0000
106.0000	466.0000	     nan	     nan	  1.0000
118.0000	466.0000	     nan	     nan	  1.0000
130.0000	466.0000	     nan	     nan	  1.0000
142.0000	466.0000	     nan	     nan	  1.0000
154.0000	466.0000	-70.0000	 65.0000	  0.0000
166.0000	466.0000	 35.0000	 90.0000	  0.0000
178.0000	466.0000	 60.0000	-75.0000	  0.0000
190.0000	466.0000	-38.3333	  5.0000	  0.0000
202.0000	466.0000	 61.6667	-25.0000	  0.0000
214.0000	466.0000	     nan	     nan	  1.0000
226.0000	466.0000	 52.0050	 35.0000	  0.0000
238.0000	466.0000	 40.6078	-30.0000	  0.0000
250.0000	466.0000	-80.9505	-22.9370	  0.0000
262.0000	466.0000	 33.1980	-18.0475	  0.0000
274.0000	466.0000	     nan	     nan	  1.0000
286.0000	466.0000	     nan	     nan	  1.0000
298.0000	466.0000	     nan	     nan	  1.0000
310.0000	466.0000	 19.5600	-24.2924	  0.0000
322.0000	466.0000	 60.4179	-20.9991	  0.0000
334.0000	466.0000	-13.9390	 69.5410	  0.0000
346.0000	466.0000	 60.9283	-39.4077	  0.0000
358.0000	466.0000	 -6.4914	-17.7269	  0.0000
370.0000	466.0000	-11.3360	 56.2630	  0.0000
382.0000	466.0000	     nan	     nan	  1.0000
394.0000	466.0000	-36.4673	-23.6622	  0.0000
406.0000	466.0000	     nan	     nan	  1.0000
418.0000	466.0000	-79.4916	-29.0593	  0.0000
430.0000	466.0000	-40.5095	 62.2704	  0.0000
442.0000	466.0000	  0.0000	-30.0000	  0.0000
454.0000	466.0000	-18.8309	  9.1171	  0.0000
466.0000	466.0000	-49.2637	 90.1229	  0.0000
478.0000	466.0000	     nan	     nan	  1.0000
490.0000	466.0000	     nan	     nan	  1.0000
502.0000	466.0000	     nan	     nan	  1.0000
 10.0000	454.0000	     nan	     nan	  1.0000
 22.0000	454.0000	     nan	     nan	  1.0000
 34.0000	454.0000	     nan	     nan	  1.0000
 46.0000	454.0000	     nan	     nan	  1.0000
 58.0000	454.0000	     nan	     nan	  1.0000
 70.0000	454.0000	     nan	     nan	  1.0000
 82.0000	454.0000	     nan	     nan	  1.0000
 94.0000	454.0000	 70.0000	 15.0000	  0.0000
106.0000	454.0000	     nan	     nan	  1.0000
118.0000	454.0000	     nan	     nan	  1.0000
130.0000	454.0000	     nan	     nan	  1.0000
142.0000	454.0000	     nan	     nan	  1.0000
154.0000	454.0000	     nan	     nan	  1.0000
166.0000	454.0000	     nan	     nan	  1.0000
178.0000	454.0000	     nan	     nan	  1.0000
190.0000	454.0000	     nan	     nan	  1.0000
202.0000	454.0000	 48.0101	 60.0000	  0.0000
214.0000	454.0000	 -5.0000	  9.0325	  0.0000
226.0000	454.0000	-81.1686	 11.8053	  0.0000
238.0000	454.0000	     nan	     nan	  1.0000
250.0000	454.0000	 37.4325	-44.1636	  0.0000
262.0000	454.0000	 48.4223	-45.7469	  0.0000
274.0000	454.0000	-58.4467	-25.7710	  0.0000
286.0000	454.0000	 35.0377	-22.2340	  0.0000
298.0000	454.0000	 22.4859	  6.0740	  0.0000
310.0000	454.0000	 20.9834	-22.7312	  0.0000
322.0000	454.0000	     nan	     nan	  1.0000
334.0000	454.0000	 -8.4005	-19.2297	  0.0000
346.0000	454.0000	-18.0859	-22.4479	  0.0000
358.0000	454.0000	     nan	     nan	  1.0000
370.0000	454.0000	 29.9146	-40.2746	  0.0000
382.0000	454.0000	     nan	     nan	  1.0000
394.0000	454.0000	-17.5266	-51.7850	  0.0000
406.0000	454.0000	     nan	     nan	  1.0000
418.0000	454.0000	     nan	     nan	  1.0000
430.0000	454.0000	     nan	     nan	  1.0000
442.0000	454.0000	  0.0000	-40.0000	  0.0000
454.0000	454.0000	-20.8050	  9.1265	  0.0000
466.0000	454.0000	 69.7719	-80.0000	  0.0000
478.0000	454.0000	 40.0000	 80.0000	  0.0000
490.0000	454.0000	     nan	     nan	  1.0000
502.0000	454.0000	     nan	     nan	  1.0000
 10.0000	442.0000	     nan	     nan	  1.0000
 22.0000	442.0000	     nan	     nan	  1.0000
 34.0000	442.0000	     nan	     nan	  1.0000
 46.0000	442.0000	     nan	     nan	  1.0000
 58.0000	442.0000	     nan	     nan	  1.0000
 70.0000	442.0000	 25.0000	-10.0000	  0.0000
 82.0000	442.0000	     nan	     nan	  1.0000
 94.0000	442.0000	-41.9598	-28.0402	  0.0000
106.0000	442.0000	 65.0000	 32.3042	  0.0000
118.0000	442.0000	     nan	     nan	  1.0000
130.0000	442.0000	     nan	     nan	  1.0000
142.0000	442.0000	 50.0000	-28.7969	  0.0000
154.0000	442.0000	     nan	     nan	  1.0000
166.0000	442.0000	     nan	     nan	  1.0000
178.0000	442.0000	     nan	     nan	  1.0000
190.0000	442.0000	     nan	     nan	  1.0000
202.0000	442.0000	  5.0000	 47.4573	  0.0000
214.0000	442.0000	  1.7607	-69.1639	  0.0000
226.0000	442.0000	     nan	     nan	  1.0000
238.0000	442.0000	     nan	     nan	  1.0000
250.0000	442.0000	 20.7133	 13.0291	  0.0000
262.0000	442.0000	 68.9321	-31.8411	  0.0000
274.0000	442.0000	 22.5752	 47.6359	  0.0000
286.0000	442.0000	     nan	     nan	  1.0000
298.0000	442.0000	 -6.0258	-19.1614	  0.0000
310.0000	442.0000	 19.8381	-37.3882	  0.0000
322.0000	442.0000	  4.0363	-18.8110	  0.0000
334.0000	442.0000	-17.9130	-16.3913	  0.0000
346.0000	442.0000	-18.4411	-17.3145	  0.0000
358.0000	442.0000	-20.4846	-19.1150	  0.0000
370.0000	442.0000	     nan	     nan	  1.0000
382.0000	442.0000	 41.7456	-20.3137	  0.0000
394.0000	442.0000	-22.2815	-33.9689	  0.0000
406.0000	442.0000	-26.6873	 76.4813	  0.0000
418.0000	442.0000	 78.5616	 30.9406	  0.0000
430.0000	442.0000	     nan	     nan	  1.0000
442.0000	442.0000	-47.1883	-78.1572	  0.0000
454.0000	442.0000	-51.4502	 15.0000	  0.0000
466.0000	442.0000	 75.0000	 75.0000	  0.0000
478.0000	442.0000	     nan	     nan	  1.0000
490.0000	442.0000	-21.3093	-51.3093	  0.0000
502.0000	442.0000	-84.6206	 30.0000	  0.0000
 10.0000	430.0000	     nan	     nan	  1.0000
 22.0000	430.0000	     nan	     nan	  1.0000
 34.0000	430.0000	     nan	     nan	  1.0000
 46.0000	430.0000	     nan	     nan	  1.0000
 58.0000	430.0000	     nan	     nan	  1.0000
 70.0000	430.0000	     nan	     nan	  1.0000
 82.0000	430.0000	     nan	     nan	  1.0000
 94.0000	430.0000	-45.0000	 65.0000	  0.0000
106.0000	430.0000	-30.0000	 60.0000	  0.0000
118.0000	430.0000	     nan	     nan	  1.0000
130.0000	430.0000	     nan	     nan	  1.0000
142.0000	430.0000	     nan	     nan	  1.0000
154.0000	430.0000	     nan	     nan	  1.0000
166.0000	430.0000	     nan	     nan	  1.0000
178.0000	430.0000	     nan	     nan	  1.0000
190.0000	430.0000	  0.0000	 -5.0000	  0.0000
202.0000	430.0000	     nan	     nan	  1.0000
214.0000	430.0000	 27.3506	 51.1005	  0.0000
226.0000	430.0000	 55.0000	-35.0000	  0.0000
238.0000	430.0000	 40.8075	 -1.5460	  0.0000
250.0000	430.0000	  2.8239	 87.1711	  0.0000
262.0000	430.0000	 43.6763	-37.8106	  0.0000
274.0000	430.0000	 24.1582	 17.8374	  0.0000
286.0000	430.0000	 -4.2208	 29.6921	  0.0000
298.0000	430.0000	     nan	     nan	  1.0000
310.0000	430.0000	-10.7762	-17.4230	  0.0000
322.0000	430.0000	 -9.3799	-16.3972	  0.0000
334.0000	430.0000	-26.2958	-17.8202	  0.0000
346.0000	430.0000	  8.8051	 13.1927	  0.0000
358.0000	430.0000	-18.7457	-31.1917	  0.0000
370.0000	430.0000	-18.2382	-31.6668	  0.0000
382.0000	430.0000	 20.5863	 60.5241	  0.0000
394.0000	430.0000	     nan	     nan	  1.0000
406.0000	430.0000	-29.5838	-31.1272	  0.0000
418.0000	430.0000	-38.9107	-51.4997	  0.0000
430.0000	430.0000	-66.0640	  5.0000	  0.0000
442.0000	430.0000	-29.2931	 43.6101	  0.0000
454.0000	430.0000	  1.9146	  8.2302	  0.0000
466.0000	430.0000	     nan	     nan	  1.0000
478.0000	430.0000	     nan	     nan	  1.0000
490.0000	430.0000	     nan	     nan	  1.0000
502.0000	430.0000	  1.2917	-74.4292	  0.0000
 10.0000	418.0000	     nan	     nan	  1.0000
 22.0000	418.0000	     nan	     nan	  1.0000
 34.0000	418.0000	 31.4206	 30.0000	  0.0000
 46.0000	418.0000	 80.0000	 -5.0000	  0.0000
 58.0000	418.0000	     nan	     nan	  1.0000
 70.0000	418.0000	     nan	     nan	  1.0000
 82.0000	418.0000	-55.0000	 20.0000	  0.0000
 94.0000	418.0000	     nan	     nan	  1.0000
106.0000	418.0000	     nan	     nan	  1.0000
118.0000	418.0000	     nan	     nan	  1.0000
130.0000	418.0000	     nan	     nan	  1.0000
142.0000	418.0000	     nan	     nan	  1.0000
154.0000	418.0000	 11.8999	 -0.0000	  0.0000
166.0000	418.0000	     nan	     nan	  1.0000
178.0000	418.0000	     nan	     nan	  1.0000
190.0000	418.0000	 81.7792	 50.0000	  0.0000
202.0000	418.0000	-55.0000	-71.7694	  0.0000
214.0000	418.0000	 21.7327	-16.4940	  0.0000
226.0000	418.0000	     nan	     nan	  1.0000
238.0000	418.0000	     nan	     nan	  1.0000
250.0000	418.0000	-31.8971	-19.4922	  0.0000
262.0000	418.0000	     nan	     nan	  1.0000
274.0000	418.0000	 23.3659	 18.2466	  0.0000
286.0000	418.0000	     nan	     nan	  1.0000
298.0000	418.0000	-23.7925	-19.0877	  0.0000
310.0000	418.0000	-15.4441	 -8.9382	  0.0000
322.0000	418.0000	-13.4062	  0.5439	  0.0000
334.0000	418.0000	-10.9141	  0.2674	  0.0000
346.0000	418.0000	-18.4843	-12.0090	  0.0000
358.0000	418.0000	-12.1124	-31.4123	  0.0000
370.0000	418.0000	-76.3292	-17.2996	  0.0000
382.0000	418.0000	     nan	     nan	  1.0000
394.0000	418.0000	 53.4269	-23.6152	  0.0000
406.0000	418.0000	     nan	     nan	  1.0000
418.0000	418.0000	-37.9209	 38.9332	  0.0000
430.0000	418.0000	-56.1075	 -8.6439	  0.0000
442.0000	418.0000	-75.0000	-37.3894	  0.0000
454.0000	418.0000	     nan	     nan	  1.0000
466.0000	418.0000	     nan	     nan	  1.0000
478.0000	418.0000	     nan	     nan	  1.0000
490.0000	418.0000	     nan	     nan	  1.0000
502.0000	418.0000	     nan	     nan	  1.0000
 10.0000	406.0000	     nan	     nan	  1.0000
 22.0000	406.0000	     nan	     nan	  1.0000
 34.0000	406.0000	 32.3042	 25.0000	  0.0000
 46.0000	406.0000	-83.0148	-85.0000	  0.0000
 58.0000	406.0000	     nan	     nan	  1.0000
 70.0000	406.0000	     nan	     nan	  1.0000
 82.0000	406.0000	-50.0000	 15.0000	  0.0000
 94.0000	406.0000	 -0.0000	-70.0000	  0.0000
106.0000	406.0000	     nan	     nan	  1.0000
118.0000	406.0000	     nan	     nan	  1.0000
130.0000	406.0000	     nan	     nan	  1.0000
142.0000	406.0000	     nan	     nan	  1.0000
154.0000	406.0000	     nan	     nan	  1.0000
166.0000	406.0000	  2.9499	  5.0000	  0.0000
178.0000	406.0000	 -0.8655	-25.0000	  0.0000
190.0000	406.0000	     nan	     nan	  1.0000
202.0000	406.0000	  6.3787	-35.0000	  0.0000
214.0000	406.0000	  1.4154	-35.0000	  0.0000
226.0000	406.0000	  6.2255	-82.1013	  0.0000
238.0000	406.0000	     nan	     nan	  1.0000
250.0000	406.0000	  8.1245	-24.8991	  0.0000
262.0000	406.0000	     nan	     nan	  1.0000
274.0000	406.0000	-35.6542	-17.4125	  0.0000
286.0000	406.0000	 32.6062	-71.3230	  0.0000
298.0000	406.0000	 38.8481	 62.3253	  0.0000
310.0000	406.0000	-23.0460	 -5.4757	  0.0000
322.0000	406.0000	-18.6651	  2.9153	  0.0000
334.0000	406.0000	 -4.7593	 18.1755	  0.0000
346.0000	406.0000	-19.0993	 21.8435	  0.0000
358.0000	406.0000	 -8.8083	-15.2038	  0.0000
370.0000	406.0000	-23.8931	  3.8960	  0.0000
382.0000	406.0000	  6.1304	-62.2988	  0.0000
394.0000	406.0000	-18.6840	-71.2445	  0.0000
406.0000	406.0000	     nan	     nan	  1.0000
418.0000	406.0000	-19.6129	-28.0297	  0.0000
430.0000	406.0000	     nan	     nan	  1.0000
442.0000	406.0000	 -8.0563	-40.0000	  0.0000
454.0000	406.0000	     nan	     nan	  1.0000
466.0000	406.0000	 83.5826	-55.0000	  0.0000
478.0000	406.0000	     nan	     nan	  1.0000
490.0000	406.0000	-71.2451	-42.8403	  0.0000
502.0000	406.0000	 40.0000	 85.0000	  0.0000
 10.0000	394.0000	     nan	     nan	  1.0000
 22.0000	394.0000	     nan	     nan	  1.0000
 34.0000	394.0000	     nan	     nan	  1.0000
 46.0000	394.0000	     nan	     nan	  1.0000
 58.0000	394.0000	     nan	     nan	  1.0000
 70.0000	394.0000	     nan	     nan	  1.0000
 82.0000	394.0000	     nan	     nan	  1.0000
 94.0000	394.0000	     nan	     nan	  1.0000
106.0000	394.0000	     nan	     nan	  1.0000
118.0000	394.0000	     nan	     nan	  1.0000
130.0000	394.0000	     nan	     nan	  1.0000
142.0000	394.0000	     nan	     nan	  1.0000
154.0000	394.0000	-80.0000	 40.0000	  0.0000
166.0000	394.0000	     nan	     nan	  1.0000
178.0000	394.0000	     nan	     nan	  1.0000
190.0000	394.0000	     nan	     nan	  1.0000
202.0000	394.0000	     nan	     nan	  1.0000
214.0000	394.0000	-85.0000	 45.0000	  0.0000
226.0000	394.0000	  9.1631	 83.2205	  0.0000
238.0000	394.0000	 10.1529	 33.0906	  0.0000
250.0000	394.0000	 -2.7350	 -1.4998	  0.0000
262.0000	394.0000	     nan	     nan	  1.0000
274.0000	394.0000	-37.0172	 -7.0624	  0.0000
286.0000	394.0000	-24.3783	  2.6653	  0.0000
298.0000	394.0000	  9.4903	 -2.4073	  0.0000
310.0000	394.0000	     nan	     nan	  1.0000
322.0000	394.0000	     nan	     nan	  1.0000
334.0000	394.0000	-15.7472	 -1.0128	  0.0000
346.0000	394.0000	-10.7179	  7.1255	  0.0000
358.0000	394.0000	-19.4553	 14.3629	  0.0000
370.0000	394.0000	-21.6036	 -0.2436	  0.0000
382.0000	394.0000	  4.6787	 20.7744	  0.0000
394.0000	394.0000	-17.5140	 -0.2378	  0.0000
406.0000	394.0000	-20.1182	-12.8630	  0.0000
418.0000	394.0000	 -4.8218	-21.1532	  0.0000
430.0000	394.0000	 38.8382	-14.1081	  0.0000
442.0000	394.0000	 38.3897	 65.6999	  0.0000
454.0000	394.0000	     nan	     nan	  1.0000
466.0000	394.0000	     nan	     nan	  1.0000
478.0000	394.0000	-87.0826	 18.1018	  0.0000
490.0000	394.0000	     nan	     nan	  1.0000
502.0000	394.0000	 20.0000	 61.6667	  0.0000
 10.0000	382.0000	     nan	     nan	  1.0000
 22.0000	382.0000	 65.3654	-20.0000	  0.0000
 34.0000	382.0000	-30.0000	 10.0000	  0.0000
 46.0000	382.0000	-22.3042	 32.3042	  0.0000
 58.0000	382.0000	-80.0000	-55.0000	  0.0000
 70.0000	382.0000	     nan	     nan	  1.0000
 82.0000	382.0000	     nan	     nan	  1.0000
 94.0000	382.0000	     nan	     nan	  1.0000
106.0000	382.0000	     nan	     nan	  1.0000
118.0000	382.0000	 60.0000	 65.0000	  0.0000
130.0000	382.0000	     nan	     nan	  1.0000
142.0000	382.0000	     nan	     nan	  1.0000
154.0000	382.0000	     nan	     nan	  1.0000
166.0000	382.0000	     nan	     nan	  1.0000
178.0000	382.0000	 11.9598	 88.0402	  0.0000
190.0000	382.0000	     nan	     nan	  1.0000
202.0000	382.0000	 21.0734	-45.0000	  0.0000
214.0000	382.0000	-61.4813	-33.5047	  0.0000
226.0000	382.0000	 69.0923	 71.2912	  0.0000
238.0000	382.0000	 41.7036	 72.3481	  0.0000
250.0000	382.0000	 -5.9956	-14.4757	  0.0000
262.0000	382.0000	 20.2008	 46.1695	  0.0000
274.0000	382.0000	-31.3030	 18.9142	  0.0000
286.0000	382.0000	     nan	     nan	  1.0000
298.0000	382.0000	     nan	     nan	  1.0000
310.0000	382.0000	-19.9703	 18.0821	  0.0000
322.0000	382.0000	     nan	     nan	  1.0000
334.0000	382.0000	-21.8796	  5.7584	  0.0000
346.0000	382.0000	-11.1630	 16.5715	  0.0000
358.0000	382.0000	 -4.7704	  2.7312	  0.0000
370.0000	382.0000	-15.6209	  0.8789	  0.0000
382.0000	382.0000	-19.0197	-18.1305	  0.0000
394.0000	382.0000	-15.4005	 -2.6850	  0.0000
406.0000	382.0000	-15.5606	 -1.2182	  0.0000
418.0000	382.0000	-23.9444	 86.9495	  0.0000
430.0000	382.0000	 23.9209	-18.2425	  0.0000
442.0000	382.0000	     nan	     nan	  1.0000
454.0000	382.0000	 67.5962	-37.1987	  0.0000
466.0000	382.0000	     nan	     nan	  1.0000
478.0000	382.0000	-38.0402	 -1.9598	  0.0000
490.0000	382.0000	-50.0000	 22.9174	  0.0000
502.0000	382.0000	     nan	     nan	  1.0000
 10.0000	370.0000	     nan	     nan	  1.0000
 22.0000	370.0000	     nan	     nan	  1.0000
 34.0000	370.0000	     nan	     nan	  1.0000
 46.0000	370.0000	     nan	     nan	  1.0000
 58.0000	370.0000	     nan	     nan	  1.0000
 70.0000	370.0000	     nan	     nan	  1.0000
 82.0000	370.0000	-40.0000	 60.0000	  0.0000
 94.0000	370.0000	     nan	     nan	  1.0000
106.0000	370.0000	     nan	     nan	  1.0000
118.0000	370.0000	-65.0000	 47.6958	  0.0000
130.0000	370.0000	     nan	     nan	  1.0000
142.0000	370.0000	     nan	     nan	  1.0000
154.0000	370.0000	     nan	     nan	  1.0000
166.0000	370.0000	 70.8496	-25.0000	  0.0000
178.0000	370.0000	-80.9178	 32.7490	  0.0000
190.0000	370.0000	-38.4374	 92.4825	  0.0000
202.0000	370.0000	     nan	     nan	  1.0000
214.0000	370.0000	     nan	     nan	  1.0000
226.0000	370.0000	     nan	     nan	  1.0000
238.0000	370.0000	     nan	     nan	  1.0000
250.0000	370.0000	  7.3143	 18.8723	  0.0000
262.0000	370.0000	     nan	     nan	  1.0000
274.0000	370.0000	 -0.4518	-76.3886	  0.0000
286.0000	370.0000	     nan	     nan	  1.0000
298.0000	370.0000	     nan	     nan	  1.0000
310.0000	370.0000	 27.6850	-39.6588	  0.0000
322.0000	370.0000	-36.7708	 15.0540	  0.0000
334.0000	370.0000	     nan	     nan	  1.0000
346.0000	370.0000	 -2.7826	  9.3006	  0.0000
358.0000	370.0000	 -7.8914	 15.0971	  0.0000
370.0000	370.0000	 73.3663	-64.3182	  0.0000
382.0000	370.0000	-12.4938	 60.1477	  0.0000
394.0000	370.0000	     nan	     nan	  1.0000
406.0000	370.0000	-17.5704	 21.0507	  0.0000
418.0000	370.0000	     nan	     nan	  1.0000
430.0000	370.0000	 -2.4679	 56.9091	  0.0000
442.0000	370.0000	     nan	     nan	  1.0000
454.0000	370.0000	     nan	     nan	  1.0000
466.0000	370.0000	 11.0845	 35.0000	  0.0000
478.0000	370.0000	  7.4593	 35.0000	  0.0000
490.0000	370.0000	-15.0000	 35.0000	  0.0000
502.0000	370.0000	     nan	     nan	  1.0000
 10.0000	358.0000	     nan	     nan	  1.0000
 22.0000	358.0000	     nan	     nan	  1.0000
 34.0000	358.0000	     nan	     nan	  1.0000
 46.0000	358.0000	     nan	     nan	  1.0000
 58.0000	358.0000	     nan	     nan	  1.0000
 70.0000	358.0000	     nan	     nan	  1.0000
 82.0000	358.0000	     nan	     nan	  1.0000
 94.0000	358.0000	     nan	     nan	  1.0000
106.0000	358.0000	     nan	     nan	  1.0000
118.0000	358.0000	     nan	     nan	  1.0000
130.0000	358.0000	     nan	     nan	  1.0000
142.0000	358.0000	     nan	     nan	  1.0000
154.0000	358.0000	     nan	     nan	  1.0000
166.0000	358.0000	     nan	     nan	  1.0000
178.0000	358.0000	     nan	     nan	  1.0000
190.0000	358.0000	 79.0092	-85.0000	  0.0000
202.0000	358.0000	 53.1169	-25.0000	  0.0000
214.0000	358.0000	-17.2538	-77.9712	  0.0000
226.0000	358.0000	 50.6333	 -2.5398	  0.0000
238.0000	358.0000	 19.8707	  0.2714	  0.0000
250.0000	358.0000	 18.3647	  2.5855	  0.0000
262.0000	358.0000	     nan	     nan	  1.0000
274.0000	358.0000	 83.3902	 88.9451	  0.0000
286.0000	358.0000	-51.3660	 19.7223	  0.0000
298.0000	358.0000	     nan	     nan	  1.0000
310.0000	358.0000	  4.2416	-51.1292	  0.0000
322.0000	358.0000	     nan	     nan	  1.0000
334.0000	358.0000	     nan	     nan	  1.0000
346.0000	358.0000	 74.5142	-77.3686	  0.0000
358.0000	358.0000	  5.1729	  7.0953	  0.0000
370.0000	358.0000	 31.4033	-22.7695	  0.0000
382.0000	358.0000	-12.8970	  7.0401	  0.0000
394.0000	358.0000	-19.7575	-12.0897	  0.0000
406.0000	358.0000	 -9.9665	 79.4896	  0.0000
418.0000	358.0000	-23.5928	 46.7519	  0.0000
430.0000	358.0000	-48.2699	  5.9710	  0.0000
442.0000	358.0000	 25.2165	 16.3511	  0.0000
454.0000	358.0000	     nan	     nan	  1.0000
466.0000	358.0000	-39.1472	 70.8528	  0.0000
478.0000	358.0000	-59.2004	 46.5555	  0.0000
490.0000	358.0000	     nan	     nan	  1.0000
502.0000	358.0000	-22.3042	 90.0000	  0.0000
 10.0000	346.0000	     nan	     nan	  1.0000
 22.0000	346.0000	     nan	     nan	  1.0000
 34.0000	346.0000	     nan	     nan	  1.0000
 46.0000	346.0000	     nan	     nan	  1.0000
 58.0000	346.0000	     nan	     nan	  1.0000
 70.0000	346.0000	     nan	     nan	  1.0000
 82.0000	346.0000	     nan	     nan	  1.0000
 94.0000	346.0000	     nan	     nan	  1.0000
106.0000	346.0000	 20.0000	 70.0000	  0.0000
118.0000	346.0000	     nan	     nan	  1.0000
130.0000	346.0000	     nan	     nan	  1.0000
142.0000	346.0000	 70.0000	-65.0000	  0.0000
154.0000	346.0000	 10.0000	 85.0000	  0.0000
166.0000	346.0000	     nan	     nan	  1.0000
178.0000	346.0000	-50.0000	-45.0000	  0.0000
190.0000	346.0000	     nan	     nan	  1.0000
202.0000	346.0000	     nan	     nan	  1.0000
214.0000	346.0000	 22.5503	-74.8791	  0.0000
226.0000	346.0000	 52.4693	  6.0499	  0.0000
238.0000	346.0000	 46.5268	-58.1954	  0.0000
250.0000	346.0000	     nan	     nan	  1.0000
262.0000	346.0000	 19.3825	 65.6730	  0.0000
274.0000	346.0000	     nan	     nan	  1.0000
286.0000	346.0000	 45.7698	 -4.9965	  0.0000
298.0000	346.0000	 26.9679	-29.7785	  0.0000
310.0000	346.0000	-37.6567	 43.8856	  0.0000
322.0000	346.0000	-63.7800	 -5.2615	  0.0000
334.0000	346.0000	 82.4027	 16.4748	  0.0000
346.0000	346.0000	     nan	     nan	  1.0000
358.0000	346.0000	 13.2909	 22.7672	  0.0000
370.0000	346.0000	 10.1626	 13.1097	  0.0000
382.0000	346.0000	     nan	     nan	  1.0000
394.0000	346.0000	-17.4631	 28.6113	  0.0000
406.0000	346.0000	  2.6305	-18.3393	  0.0000
418.0000	346.0000	-18.1218	-41.6829	  0.0000
430.0000	346.0000	-52.3038	-37.4332	  0.0000
442.0000	346.0000	-33.1879	 61.8794	  0.0000
454.0000	346.0000	 51.2509	 72.2546	  0.0000
466.0000	346.0000	 56.3303	  8.1997	  0.0000
478.0000	346.0000	 76.1747	-60.0000	  0.0000
490.0000	346.0000	     nan	     nan	  1.0000
502.0000	346.0000	-42.3042	 92.3042	  0.0000
 10.0000	334.0000	     nan	     nan	  1.0000
 22.0000	334.0000	     nan	     nan	  1.0000
 34.0000	334.0000	     nan	     nan	  1.0000
 46.0000	334.0000	     nan	     nan	  1.0000
 58.0000	334.0000	     nan	     nan	  1.0000
 70.0000	334.0000	     nan	     nan	  1.0000
 82.0000	334.0000	     nan	     nan	  1.0000
 94.0000	334.0000	-91.9598	-25.0000	  0.0000
106.0000	334.0000	-37.0826	 -5.0000	  0.0000
118.0000	334.0000	     nan	     nan	  1.0000
130.0000	334.0000	     nan	     nan	  1.0000
142.0000	334.0000	     nan	     nan	  1.0000
154.0000	334.0000	     nan	     nan	  1.0000
166.0000	334.0000	     nan	     nan	  1.0000
178.0000	334.0000	-21.2031	 80.0000	  0.0000
190.0000	334.0000	     nan	     nan	  1.0000
202.0000	334.0000	 41.2897	 -7.5718	  0.0000
214.0000	334.0000	 27.7209	 -5.0000	  0.0000
226.0000	334.0000	     nan	     nan	  1.0000
238.0000	334.0000	 48.7984	 23.5393	  0.0000
250.0000	334.0000	     nan	     nan	  1.0000
262.0000	334.0000	 17.7768	-16.0936	  0.0000
274.0000	334.0000	-39.6824	 34.9989	  0.0000
286.0000	334.0000	-82.2873	 15.9768	  0.0000
298.0000	334.0000	     nan	     nan	  1.0000
310.0000	334.0000	-61.2139	 -9.4539	  0.0000
322.0000	334.0000	-46.4986	 20.7351	  0.0000
334.0000	334.0000	     nan	     nan	  1.0000
346.0000	334.0000	     nan	     nan	  1.0000
358.0000	334.0000	-72.2876	 17.1301	  0.0000
370.0000	334.0000	     nan	     nan	  1.0000
382.0000	334.0000	-31.5068	 22.7056	  0.0000
394.0000	334.0000	 -3.0038	 90.4937	  0.0000
406.0000	334.0000	 -2.3919	-13.5632	  0.0000
418.0000	334.0000	-20.6223	 15.1975	  0.0000
430.0000	334.0000	     nan	     nan	  1.0000
442.0000	334.0000	-25.8594	-57.5958	  0.0000
454.0000	334.0000	 -1.2717	-23.7139	  0.0000
466.0000	334.0000	 40.0000	-25.0000	  0.0000
478.0000	334.0000	 32.0670	-61.8298	  0.0000
490.0000	334.0000	-75.0000	-15.0000	  0.0000
502.0000	334.0000	     nan	     nan	  1.0000
 10.0000	322.0000	     nan	     nan	  1.0000
 22.0000	322.0000	     nan	     nan	  1.0000
 34.0000	322.0000	     nan	     nan	  1.0000
 46.0000	322.0000	     nan	     nan	  1.0000
 58.0000	322.0000	     nan	     nan	  1.0000
 70.0000	322.0000	 68.0688	 30.0000	  0.0000
 82.0000	322.0000	     nan	     nan	  1.0000
 94.0000	322.0000	 78.0402	-75.0000	  0.0000
106.0000	322.0000	     nan	     nan	  1.0000
118.0000	322.0000	     nan	     nan	  1.0000
130.0000	322.0000	     nan	     nan	  1.0000
142.0000	322.0000	-50.0000	 87.9330	  0.0000
154.0000	322.0000	 30.0000	-35.0000	  0.0000
166.0000	322.0000	-77.6958	 -2.3042	  0.0000
178.0000	322.0000	     nan	     nan	  1.0000
190.0000	322.0000	-76.4849	-75.0000	  0.0000
202.0000	322.0000	 69.8151	 38.3385	  0.0000
214.0000	322.0000	     nan	     nan	  1.0000
226.0000	322.0000	 -3.3474	 26.3718	  0.0000
238.0000	322.0000	-13.0525	 22.6037	  0.0000
250.0000	322.0000	 -0.2009	 57.7454	  0.0000
262.0000	322.0000	 18.2373	 57.3206	  0.0000
274.0000	322.0000	 38.5075	-83.1944	  0.0000
286.0000	322.0000	-75.3593	 24.1492	  0.0000
298.0000	322.0000	     nan	     nan	  1.0000
310.0000	322.0000	-52.7222	 36.4818	  0.0000
322.0000	322.0000	  7.6496	 54.0489	  0.0000
334.0000	322.0000	     nan	     nan	  1.0000
346.0000	322.0000	-41.1219	-39.9934	  0.0000
358.0000	322.0000	     nan	     nan	  1.0000
370.0000	322.0000	 36.8258	-18.9245	  0.0000
382.0000	322.0000	-20.9015	 16.1455	  0.0000
394.0000	322.0000	 12.7949	  7.0937	  0.0000
406.0000	322.0000	-42.3565	-14.3975	  0.0000
418.0000	322.0000	 -4.2123	-42.1007	  0.0000
430.0000	322.0000	     nan	     nan	  1.0000
442.0000	322.0000	     nan	     nan	  1.0000
454.0000	322.0000	     nan	     nan	  1.0000
466.0000	322.0000	 -1.8298	-47.2125	  0.0000
478.0000	322.0000	 57.2125	 82.7875	  0.0000
490.0000	322.0000	-68.1419	 25.0000	  0.0000
502.0000	322.0000	     nan	     nan	  1.0000
 10.0000	310.0000	     nan	     nan	  1.0000
 22.0000	310.0000	     nan	     nan	  1.0000
 34.0000	310.0000	     nan	     nan	  1.0000
 46.0000	310.0000	     nan	     nan	  1.0000
 58.0000	310.0000	     nan	     nan	  1.0000
 70.0000	310.0000	     nan	     nan	  1.0000
 82.0000	310.0000	     nan	     nan	  1.0000
 94.0000	310.0000	     nan	     nan	  1.0000
106.0000	310.0000	     nan	     nan	  1.0000
118.0000	310.0000	     nan	     nan	  1.0000
130.0000	310.0000	     nan	     nan	  1.0000
142.0000	310.0000	     nan	     nan	  1.0000
154.0000	310.0000	  3.3847	 -5.0000	  0.0000
166.0000	310.0000	-93.6867	 62.0910	  0.0000
178.0000	310.0000	 -3.0823	-72.3708	  0.0000
190.0000	310.0000	 21.4841	-25.0000	  0.0000
202.0000	310.0000	     nan	     nan	  1.0000
214.0000	310.0000	 53.8519	 39.0932	  0.0000
226.0000	310.0000	-17.5697	 50.6145	  0.0000
238.0000	310.0000	-23.9541	 46.7861	  0.0000
250.0000	310.0000	-14.7855	 19.1433	  0.0000
262.0000	310.0000	-54.6708	 40.6431	  0.0000
274.0000	310.0000	 14.2385	 17.2107	  0.0000
286.0000	310.0000	-89.8072	 11.4381	  0.0000
298.0000	310.0000	-51.3512	 13.9318	  0.0000
310.0000	310.0000	-51.3311	 52.5376	  0.0000
322.0000	310.0000	     nan	     nan	  1.0000
334.0000	310.0000	     nan	     nan	  1.0000
346.0000	310.0000	-13.0313	 18.5867	  0.0000
358.0000	310.0000	-71.3113	-75.9586	  0.0000
370.0000	310.0000	 21.7422	 -4.2935	  0.0000
382.0000	310.0000	 34.0136	-18.8546	  0.0000
394.0000	310.0000	 18.1299	 24.3255	  0.0000
406.0000	310.0000	-42.2659	  2.0305	  0.0000
418.0000	310.0000	-61.3573	 25.3752	  0.0000
430.0000	310.0000	-42.6463	-38.2974	  0.0000
442.0000	310.0000	-42.7779	 92.8008	  0.0000
454.0000	310.0000	     nan	     nan	  1.0000
466.0000	310.0000	  8.2073	-40.0000	  0.0000
478.0000	310.0000	     nan	     nan	  1.0000
490.0000	310.0000	-70.0000	 25.0000	  0.0000
502.0000	310.0000	-20.0000	 65.0000	  0.0000
 10.0000	298.0000	     nan	     nan	  1.0000
 22.0000	298.0000	     nan	     nan	  1.0000
 34.0000	298.0000	     nan	     nan	  1.0000
 46.0000	298.0000	     nan	     nan	  1.0000
 58.0000	298.0000	     nan	     nan	  1.0000
 70.0000	298.0000	 32.7536	 78.9197	  0.0000
 82.0000	298.0000	-85.1741	 62.0235	  0.0000
 94.0000	298.0000	-60.0000	-20.0000	  0.0000
106.0000	298.0000	     nan	     nan	  1.0000
118.0000	298.0000	     nan	     nan	  1.0000
130.0000	298.0000	     nan	     nan	  1.0000
142.0000	298.0000	     nan	     nan	  1.0000
154.0000	298.0000	 35.0000	 58.0402	  0.0000
166.0000	298.0000	 -9.9575	-40.0000	  0.0000
178.0000	298.0000	 -9.9182	  5.0000	  0.0000
190.0000	298.0000	     nan	     nan	  1.0000
202.0000	298.0000	     nan	     nan	  1.0000
214.0000	298.0000	     nan	     nan	  1.0000
226.0000	298.0000	     nan	     nan	  1.0000
238.0000	298.0000	     nan	     nan	  1.0000
250.0000	298.0000	     nan	     nan	  1.0000
262.0000	298.0000	 21.8275	-65.1969	  0.0000
274.0000	298.0000	     nan	     nan	  1.0000
286.0000	298.0000	  9.5548	 21.6470	  0.0000
298.0000	298.0000	     nan	     nan	  1.0000
310.0000	298.0000	-37.9937	 23.7067	  0.0000
322.0000	298.0000	 69.3513	 21.1686	  0.0000
334.0000	298.0000	     nan	     nan	  1.0000
346.0000	298.0000	-79.2827	-10.6350	  0.0000
358.0000	298.0000	     nan	     nan	  1.0000
370.0000	298.0000	 22.5709	  3.0063	  0.0000
382.0000	298.0000	 35.2170	-12.3048	  0.0000
394.0000	298.0000	-35.0651	 38.8127	  0.0000
406.0000	298.0000	-30.4476	-57.8784	  0.0000
418.0000	298.0000	-11.5751	  4.9292	  0.0000
430.0000	298.0000	-18.4080	 -3.3086	  0.0000
442.0000	298.0000	     nan	     nan	  1.0000
454.0000	298.0000	     nan	     nan	  1.0000
466.0000	298.0000	 41.1462	 72.5585	  0.0000
478.0000	298.0000	     nan	     nan	  1.0000
490.0000	298.0000	     nan	     nan	  1.0000
502.0000	298.0000	-70.0000	-35.0000	  0.0000
 10.0000	286.0000	     nan	     nan	  1.0000
 22.0000	286.0000	-50.0000	 55.0000	  0.0000
 34.0000	286.0000	     nan	     nan	  1.0000
 46.0000	286.0000	     nan	     nan	  1.0000
 58.0000	286.0000	     nan	     nan	  1.0000
 70.0000	286.0000	     nan	     nan	  1.0000
 82.0000	286.0000	-53.7914	-26.2086	  0.0000
 94.0000	286.0000	-60.4426	-18.5547	  0.0000
106.0000	286.0000	     nan	     nan	  1.0000
118.0000	286.0000	  0.0000	-75.0000	  0.0000
130.0000	286.0000	     nan	     nan	  1.0000
142.0000	286.0000	     nan	     nan	  1.0000
154.0000	286.0000	 25.4010	 64.6021	  0.0000
166.0000	286.0000	-40.0000	-20.0596	  0.0000
178.0000	286.0000	-12.1576	 15.0000	  0.0000
190.0000	286.0000	-63.2124	 11.7607	  0.0000
202.0000	286.0000	-50.0000	 68.1419	  0.0000
214.0000	286.0000	-88.6890	 45.0000	  0.0000
226.0000	286.0000	-58.0184	 19.6916	  0.0000
238.0000	286.0000	 72.6171	-16.6002	  0.0000
250.0000	286.0000	     nan	     nan	  1.0000
262.0000	286.0000	 66.1373	-57.1110	  0.0000
274.0000	286.0000	-45.9602	-20.3095	  0.0000
286.0000	286.0000	-50.3613	-21.9909	  0.0000
298.0000	286.0000	 30.9536	 58.3298	  0.0000
310.0000	286.0000	-27.3870	 42.7681	  0.0000
322.0000	286.0000	     nan	     nan	  1.0000
334.0000	286.0000	-18.0828	  1.6573	  0.0000
346.0000	286.0000	     nan	     nan	  1.0000
358.0000	286.0000	 27.8506	-16.6170	  0.0000
370.0000	286.0000	 14.1015	 -6.2711	  0.0000
382.0000	286.0000	  2.0881	 53.8068	  0.0000
394.0000	286.0000	-16.5682	-20.2703	  0.0000
406.0000	286.0000	 -4.2702	-10.7339	  0.0000
418.0000	286.0000	     nan	     nan	  1.0000
430.0000	286.0000	-27.0691	 75.5036	  0.0000
442.0000	286.0000	 35.0000	 62.2082	  0.0000
454.0000	286.0000	 11.6667	 38.1911	  0.0000
466.0000	286.0000	-31.7605	 -2.7875	  0.0000
478.0000	286.0000	     nan	     nan	  1.0000
490.0000	286.0000	     nan	     nan	  1.0000
502.0000	286.0000	 10.0000	 45.0000	  0.0000
 10.0000	274.0000	     nan	     nan	  1.0000
 22.0000	274.0000	 35.0000	 30.0000	  0.0000
 34.0000	274.0000	     nan	     nan	  1.0000
 46.0000	274.0000	     nan	     nan	  1.0000
 58.0000	274.0000	     nan	     nan	  1.0000
 70.0000	274.0000	-40.0000	-75.0000	  0.0000
 82.0000	274.0000	 75.0000	 18.3333	  0.0000
 94.0000	274.0000	     nan	     nan	  1.0000
106.0000	274.0000	 22.8148	-70.0000	  0.0000
118.0000	274.0000	     nan	     nan	  1.0000
130.0000	274.0000	     nan	     nan	  1.0000
142.0000	274.0000	     nan	     nan	  1.0000
154.0000	274.0000	-43.8516	 55.0000	  0.0000
166.0000	274.0000	-40.0000	-10.0000	  0.0000
178.0000	274.0000	-55.0000	 45.0000	  0.0000
190.0000	274.0000	  7.2510	-50.0000	  0.0000
202.0000	274.0000	 28.8863	 -6.4496	  0.0000
214.0000	274.0000	     nan	     nan	  1.0000
226.0000	274.0000	 32.3874	 67.4870	  0.0000
238.0000	274.0000	     nan	     nan	  1.0000
250.0000	274.0000	     nan	     nan	  1.0000
262.0000	274.0000	     nan	     nan	  1.0000
274.0000	274.0000	-41.8416	-26.4722	  0.0000
286.0000	274.0000	-45.0029	-31.4321	  0.0000
298.0000	274.0000	 -3.4838	 41.8605	  0.0000
310.0000	274.0000	-45.8031	  4.4115	  0.0000
322.0000	274.0000	 38.7072	-53.7168	  0.0000
334.0000	274.0000	 63.8727	-69.3424	  0.0000
346.0000	274.0000	 52.6510	-49.8175	  0.0000
358.0000	274.0000	 72.5556	-13.1466	  0.0000
370.0000	274.0000	     nan	     nan	  1.0000
382.0000	274.0000	 -4.9034	-10.1963	  0.0000
394.0000	274.0000	-17.0224	 -1.0196	  0.0000
406.0000	274.0000	     nan	     nan	  1.0000
418.0000	274.0000	     nan	     nan	  1.0000
430.0000	274.0000	-11.4339	-40.8115	  0.0000
442.0000	274.0000	-52.4834	-30.7952	  0.0000
454.0000	274.0000	 14.5314	  5.0000	  0.0000
466.0000	274.0000	     nan	     nan	  1.0000
478.0000	274.0000	-70.9592	-57.9330	  0.0000
490.0000	274.0000	  2.3042	-55.0000	  0.0000
502.0000	274.0000	-65.0000	-30.0000	  0.0000
 10.0000	262.0000	 -0.0000	-55.0000	  0.0000
 22.0000	262.0000	     nan	     nan	  1.0000
 34.0000	262.0000	 70.0000	  5.0000	  0.0000
 46.0000	262.0000	     nan	     nan	  1.0000
 58.0000	262.0000	     nan	     nan	  1.0000
 70.0000	262.0000	     nan	     nan	  1.0000
 82.0000	262.0000	     nan	     nan	  1.0000
 94.0000	262.0000	     nan	     nan	  1.0000
106.0000	262.0000	     nan	     nan	  1.0000
118.0000	262.0000	-22.3042	-22.3042	  0.0000
130.0000	262.0000	     nan	     nan	  1.0000
142.0000	262.0000	-11.9598	 71.9598	  0.0000
154.0000	262.0000	     nan	     nan	  1.0000
166.0000	262.0000	     nan	     nan	  1.0000
178.0000	262.0000	     nan	     nan	  1.0000
190.0000	262.0000	 -5.0000	-51.7607	  0.0000
202.0000	262.0000	-48.1173	 61.8051	  0.0000
214.0000	262.0000	     nan	     nan	  1.0000
226.0000	262.0000	 24.4785	 94.1848	  0.0000
238.0000	262.0000	-66.7199	-73.0777	  0.0000
250.0000	262.0000	-38.0482	  6.4876	  0.0000
262.0000	262.0000	-70.6508	 -6.0716	  0.0000
274.0000	262.0000	-76.0991	  1.9675	  0.0000
286.0000	262.0000	     nan	     nan	  1.0000
298.0000	262.0000	-66.7332	-19.3016	  0.0000
310.0000	262.0000	-29.3704	-12.3534	  0.0000
322.0000	262.0000	 53.1109	 47.6297	  0.0000
334.0000	262.0000	 63.2717	 58.1909	  0.0000
346.0000	262.0000	 49.8302	-47.5815	  0.0000
358.0000	262.0000	 11.9231	 -4.0544	  0.0000
370.0000	262.0000	-31.4561	 22.1977	  0.0000
382.0000	262.0000	-22.1165	 17.5898	  0.0000
394.0000	262.0000	-15.1789	 17.0379	  0.0000
406.0000	262.0000	  1.1771	 30.6031	  0.0000
418.0000	262.0000	-18.0793	 37.4871	  0.0000
430.0000	262.0000	     nan	     nan	  1.0000
442.0000	262.0000	-55.7079	-68.5926	  0.0000
454.0000	262.0000	  9.4131	  2.5183	  0.0000
466.0000	262.0000	-85.0000	 60.0000	  0.0000
478.0000	262.0000	 35.0000	 75.0000	  0.0000
490.0000	262.0000	     nan	     nan	  1.0000
502.0000	262.0000	     nan	     nan	  1.0000
 10.0000	250.0000	     nan	     nan	  1.0000
 22.0000	250.0000	     nan	     nan	  1.0000
 34.0000	250.0000	     nan	     nan	  1.0000
 46.0000	250.0000	     nan	     nan	  1.0000
 58.0000	250.0000	     nan	     nan	  1.0000
 70.0000	250.0000	     nan	     nan	  1.0000
 82.0000	250.0000	     nan	     nan	  1.0000
 94.0000	250.0000	     nan	     nan	  1.0000
106.0000	250.0000	-50.0000	 -8.3333	  0.0000
118.0000	250.0000	 62.8567	 57.2836	  0.0000
130.0000	250.0000	 45.0000	-38.0842	  0.0000
142.0000	250.0000	     nan	     nan	  1.0000
154.0000	250.0000	     nan	     nan	  1.0000
166.0000	250.0000	-60.0000	 40.0000	  0.0000
178.0000	250.0000	 55.0000	 40.0000	  0.0000
190.0000	250.0000	     nan	     nan	  1.0000
202.0000	250.0000	     nan	     nan	  1.0000
214.0000	250.0000	     nan	     nan	  1.0000
226.0000	250.0000	 21.0882	-32.2912	  0.0000
238.0000	250.0000	 19.3209	-20.9532	  0.0000
250.0000	250.0000	 18.0252	 49.3203	  0.0000
262.0000	250.0000	-33.7859	 -9.0396	  0.0000
274.0000	250.0000	-30.3498	-10.0050	  0.0000
286.0000	250.0000	     nan	     nan	  1.0000
298.0000	250.0000	-69.2045	  2.0303	  0.0000
310.0000	250.0000	-39.0838	  2.0978	  0.0000
322.0000	250.0000	 52.4199	 56.7774	  0.0000
334.0000	250.0000	 22.4627	-73.0442	  0.0000
346.0000	250.0000	-67.3223	 85.0446	  0.0000
358.0000	250.0000	 -9.7766	-19.1265	  0.0000
370.0000	250.0000	-19.0579	-19.1361	  0.0000
382.0000	250.0000	     nan	     nan	  1.0000
394.0000	250.0000	-18.8083	  0.9127	  0.0000
406.0000	250.0000	     nan	     nan	  1.0000
418.0000	250.0000	 35.5305	-24.9941	  0.0000
430.0000	250.0000	-13.5011	 76.6553	  0.0000
442.0000	250.0000	-19.7936	 23.4719	  0.0000
454.0000	250.0000	 -2.7191	 66.8248	  0.0000
466.0000	250.0000	 55.0000	 41.9470	  0.0000
478.0000	250.0000	     nan	     nan	  1.0000
490.0000	250.0000	     nan	     nan	  1.0000
502.0000	250.0000	     nan	     nan	  1.0000
 10.0000	238.0000	     nan	     nan	  1.0000
 22.0000	238.0000	     nan	     nan	  1.0000
 34.0000	238.0000	     nan	     nan	  1.0000
 46.0000	238.0000	     nan	     nan	  1.0000
 58.0000	238.0000	     nan	     nan	  1.0000
 70.0000	238.0000	     nan	     nan	  1.0000
 82.0000	238.0000	     nan	     nan	  1.0000
 94.0000	238.0000	     nan	     nan	  1.0000
106.0000	238.0000	     nan	     nan	  1.0000
118.0000	238.0000	     nan	     nan	  1.0000
130.0000	238.0000	 16.9584	 10.0000	  0.0000
142.0000	238.0000	-58.5207	 11.1047	  0.0000
154.0000	238.0000	     nan	     nan	  1.0000
166.0000	238.0000	-72.9174	-15.0000	  0.0000
178.0000	238.0000	 17.6205	 26.5948	  0.0000
190.0000	238.0000	-21.3957	  7.0079	  0.0000
202.0000	238.0000	-19.8235	-27.3942	  0.0000
214.0000	238.0000	     nan	     nan	  1.0000
226.0000	238.0000	     nan	     nan	  1.0000
238.0000	238.0000	-39.5873	-80.3193	  0.0000
250.0000	238.0000	 12.4966	 11.0778	  0.0000
262.0000	238.0000	     nan	     nan	  1.0000
274.0000	238.0000	-30.4824	 18.5393	  0.0000
286.0000	238.0000	-49.3784	 11.9367	  0.0000
298.0000	238.0000	     nan	     nan	  1.0000
310.0000	238.0000	 46.7028	-38.7718	  0.0000
322.0000	238.0000	-71.0417	 -2.5361	  0.0000
334.0000	238.0000	 27.7996	 15.0298	  0.0000
346.0000	238.0000	-59.0650	-60.4115	  0.0000
358.0000	238.0000	-13.2764	-20.4532	  0.0000
370.0000	238.0000	-17.9145	-20.7431	  0.0000
382.0000	238.0000	-17.0013	 19.2362	  0.0000
394.0000	238.0000	-19.9561	 17.5435	  0.0000
406.0000	238.0000	-23.6897	-13.0378	  0.0000
418.0000	238.0000	-57.0571	 18.1964	  0.0000
430.0000	238.0000	-26.1253	 18.0255	  0.0000
442.0000	238.0000	     nan	     nan	  1.0000
454.0000	238.0000	     nan	     nan	  1.0000
466.0000	238.0000	     nan	     nan	  1.0000
478.0000	238.0000	  1.2451	 17.1597	  0.0000
490.0000	238.0000	     nan	     nan	  1.0000
502.0000	238.0000	     nan	     nan	  1.0000
 10.0000	226.0000	     nan	     nan	  1.0000
 22.0000	226.0000	-20.0000	-25.0000	  0.0000
 34.0000	226.0000	     nan	     nan	  1.0000
 46.0000	226.0000	     nan	     nan	  1.0000
 58.0000	226.0000	     nan	     nan	  1.0000
 70.0000	226.0000	     nan	     nan	  1.0000
 82.0000	226.0000	     nan	     nan	  1.0000
 94.0000	226.0000	     nan	     nan	  1.0000
106.0000	226.0000	 51.9598	 58.0402	  0.0000
118.0000	226.0000	     nan	     nan	  1.0000
130.0000	226.0000	 15.0000	 15.0000	  0.0000
142.0000	226.0000	     nan	     nan	  1.0000
154.0000	226.0000	     nan	     nan	  1.0000
166.0000	226.0000	     nan	     nan	  1.0000
178.0000	226.0000	 25.0000	-38.7549	  0.0000
190.0000	226.0000	 21.0015	-16.7600	  0.0000
202.0000	226.0000	     nan	     nan	  1.0000
214.0000	226.0000	 37.7990	-12.1491	  0.0000
226.0000	226.0000	 66.3323	 31.7141	  0.0000
238.0000	226.0000	 16.8678	 55.4831	  0.0000
250.0000	226.0000	 11.2633	 20.3388	  0.0000
262.0000	226.0000	-89.2239	-43.5964	  0.0000
274.0000	226.0000	-36.5146	  7.3941	  0.0000
286.0000	226.0000	-59.0006	 11.1959	  0.0000
298.0000	226.0000	-44.9915	  8.9960	  0.0000
310.0000	226.0000	 64.6465	 60.6912	  0.0000
322.0000	226.0000	     nan	     nan	  1.0000
334.0000	226.0000	-82.4299	-72.2847	  0.0000
346.0000	226.0000	 76.1652	-54.3548	  0.0000
358.0000	226.0000	 -9.0540	-10.5907	  0.0000
370.0000	226.0000	-16.1609	 -5.8496	  0.0000
382.0000	226.0000	     nan	     nan	  1.0000
394.0000	226.0000	-78.9526	-12.4598	  0.0000
406.0000	226.0000	-19.0537	 -4.0223	  0.0000
418.0000	226.0000	-12.5657	-38.5664	  0.0000
430.0000	226.0000	 63.8867	-52.9643	  0.0000
442.0000	226.0000	-91.8546	  0.1619	  0.0000
454.0000	226.0000	-37.3139	-78.0719	  0.0000
466.0000	226.0000	 48.1032	-77.3232	  0.0000
478.0000	226.0000	     nan	     nan	  1.0000
490.0000	226.0000	-31.4206	-10.0000	  0.0000
502.0000	226.0000	 77.6958	 15.0000	  0.0000
 10.0000	214.0000	     nan	     nan	  1.0000
 22.0000	214.0000	 80.0000	 75.0000	  0.0000
 34.0000	214.0000	     nan	     nan	  1.0000
 46.0000	214.0000	     nan	     nan	  1.0000
 58.0000	214.0000	     nan	     nan	  1.0000
 70.0000	214.0000	     nan	     nan	  1.0000
 82.0000	214.0000	     nan	     nan	  1.0000
 94.0000	214.0000	     nan	     nan	  1.0000
106.0000	214.0000	     nan	     nan	  1.0000
118.0000	214.0000	-65.0000	-40.0000	  0.0000
130.0000	214.0000	 20.0000	 15.0000	  0.0000
142.0000	214.0000	     nan	     nan	  1.0000
154.0000	214.0000	     nan	     nan	  1.0000
166.0000	214.0000	     nan	     nan	  1.0000
178.0000	214.0000	     nan	     nan	  1.0000
190.0000	214.0000	-80.5354	-56.8690	  0.0000
202.0000	214.0000	     nan	     nan	  1.0000
214.0000	214.0000	-55.0480	-55.3734	  0.0000
226.0000	214.0000	     nan	     nan	  1.0000
238.0000	214.0000	  0.7773	 23.3581	  0.0000
250.0000	214.0000	-21.6770	-18.0489	  0.0000
262.0000	214.0000	-48.5485	 43.5028	  0.0000
274.0000	214.0000	-27.5945	  6.0269	  0.0000
286.0000	214.0000	-36.7560	-36.0236	  0.0000
298.0000	214.0000	-30.8541	-23.0527	  0.0000
310.0000	214.0000	  1.3079	 73.5871	  0.0000
322.0000	214.0000	-38.9556	 -2.8190	  0.0000
334.0000	214.0000	 67.7597	 28.5075	  0.0000
346.0000	214.0000	 -7.3988	 -6.6879	  0.0000
358.0000	214.0000	-86.8727	-62.5804	  0.0000
370.0000	214.0000	-12.4357	 20.1567	  0.0000
382.0000	214.0000	 -3.5626	  8.2776	  0.0000
394.0000	214.0000	-19.6336	 50.5249	  0.0000
406.0000	214.0000	-40.1465	  1.6037	  0.0000
418.0000	214.0000	     nan	     nan	  1.0000
430.0000	214.0000	-47.1869	 72.5070	  0.0000
442.0000	214.0000	 68.2631	 42.3807	  0.0000
454.0000	214.0000	     nan	     nan	  1.0000
466.0000	214.0000	     nan	     nan	  1.0000
478.0000	214.0000	     nan	     nan	  1.0000
490.0000	214.0000	 75.0000	-52.3042	  0.0000
502.0000	214.0000	-57.9330	-30.0000	  0.0000
 10.0000	202.0000	     nan	     nan	  1.0000
 22.0000	202.0000	     nan	     nan	  1.0000
 34.0000	202.0000	 -1.6667	 55.0000	  0.0000
 46.0000	202.0000	     nan	     nan	  1.0000
 58.0000	202.0000	     nan	     nan	  1.0000
 70.0000	202.0000	     nan	     nan	  1.0000
 82.0000	202.0000	     nan	     nan	  1.0000
 94.0000	202.0000	     nan	     nan	  1.0000
106.0000	202.0000	     nan	     nan	  1.0000
118.0000	202.0000	     nan	     nan	  1.0000
130.0000	202.0000	-90.0000	-85.0000	  0.0000
142.0000	202.0000	     nan	     nan	  1.0000
154.0000	202.0000	     nan	     nan	  1.0000
166.0000	202.0000	     nan	     nan	  1.0000
178.0000	202.0000	-20.7776	-78.7651	  0.0000
190.0000	202.0000	 28.5656	 48.2584	  0.0000
202.0000	202.0000	  9.6650	-43.2092	  0.0000
214.0000	202.0000	  5.5663	-26.5936	  0.0000
226.0000	202.0000	  6.4087	 45.2724	  0.0000
238.0000	202.0000	 -9.0943	-50.0882	  0.0000
250.0000	202.0000	 20.6891	 -1.4584	  0.0000
262.0000	202.0000	-36.5939	-10.5063	  0.0000
274.0000	202.0000	-16.6020	 -8.7665	  0.0000
286.0000	202.0000	     nan	     nan	  1.0000
298.0000	202.0000	 -6.6846	-18.2312	  0.0000
310.0000	202.0000	 25.6816	 28.4333	  0.0000
322.0000	202.0000	-42.1948	-13.7836	  0.0000
334.0000	202.0000	     nan	     nan	  1.0000
346.0000	202.0000	-14.0234	 11.2902	  0.0000
358.0000	202.0000	-16.2978	 15.0334	  0.0000
370.0000	202.0000	     nan	     nan	  1.0000
382.0000	202.0000	-35.1946	 69.3152	  0.0000
394.0000	202.0000	-17.7729	-62.5610	  0.0000
406.0000	202.0000	     nan	     nan	  1.0000
418.0000	202.0000	     nan	     nan	  1.0000
430.0000	202.0000	-19.2411	-12.7045	  0.0000
442.0000	202.0000	 37.0864	 25.7753	  0.0000
454.0000	202.0000	     nan	     nan	  1.0000
466.0000	202.0000	-10.0000	 45.0000	  0.0000
478.0000	202.0000	-15.0000	 45.0000	  0.0000
490.0000	202.0000	     nan	     nan	  1.0000
502.0000	202.0000	     nan	     nan	  1.0000
 10.0000	190.0000	     nan	     nan	  1.0000
 22.0000	190.0000	     nan	     nan	  1.0000
 34.0000	190.0000	     nan	     nan	  1.0000
 46.0000	190.0000	     nan	     nan	  1.0000
 58.0000	190.0000	     nan	     nan	  1.0000
 70.0000	190.0000	     nan	     nan	  1.0000
 82.0000	190.0000	     nan	     nan	  1.0000
 94.0000	190.0000	-35.0000	-50.0000	  0.0000
106.0000	190.0000	     nan	     nan	  1.0000
118.0000	190.0000	     nan	     nan	  1.0000
130.0000	190.0000	     nan	     nan	  1.0000
142.0000	190.0000	     nan	     nan	  1.0000
154.0000	190.0000	     nan	     nan	  1.0000
166.0000	190.0000	     nan	     nan	  1.0000
178.0000	190.0000	 50.0000	-17.8330	  0.0000
190.0000	190.0000	 65.0000	-28.7621	  0.0000
202.0000	190.0000	 36.6018	-25.0000	  0.0000
214.0000	190.0000	 22.8311	-48.1626	  0.0000
226.0000	190.0000	 20.0951	 -1.7083	  0.0000
238.0000	190.0000	     nan	     nan	  1.0000
250.0000	190.0000	 58.7088	 16.6654	  0.0000
262.0000	190.0000	     nan	     nan	  1.0000
274.0000	190.0000	-23.9267	 -4.0871	  0.0000
286.0000	190.0000	 20.8971	-47.2422	  0.0000
298.0000	190.0000	-30.1134	  3.5979	  0.0000
310.0000	190.0000	-45.2872	-16.1325	  0.0000
322.0000	190.0000	     nan	     nan	  1.0000
334.0000	190.0000	     nan	     nan	  1.0000
346.0000	190.0000	-19.2904	 17.3362	  0.0000
358.0000	190.0000	     nan	     nan	  1.0000
370.0000	190.0000	     nan	     nan	  1.0000
382.0000	190.0000	-24.2367	 11.5739	  0.0000
394.0000	190.0000	-33.1300	 29.3806	  0.0000
406.0000	190.0000	-87.5988	-37.3599	  0.0000
418.0000	190.0000	-19.8432	-21.5574	  0.0000
430.0000	190.0000	     nan	     nan	  1.0000
442.0000	190.0000	     nan	     nan	  1.0000
454.0000	190.0000	     nan	     nan	  1.0000
466.0000	190.0000	-51.2981	 41.6600	  0.0000
478.0000	190.0000	-60.0000	 -5.0000	  0.0000
490.0000	190.0000	-25.0000	 60.0000	  0.0000
502.0000	190.0000	     nan	     nan	  1.0000
 10.0000	178.0000	     nan	     nan	  1.0000
 22.0000	178.0000	     nan	     nan	  1.0000
 34.0000	178.0000	-10.0000	-25.0000	  0.0000
 46.0000	178.0000	     nan	     nan	  1.0000
 58.0000	178.0000	     nan	     nan	  1.0000
 70.0000	178.0000	     nan	     nan	  1.0000
 82.0000	178.0000	     nan	     nan	  1.0000
 94.0000	178.0000	 38.0402	 31.9598	  0.0000
106.0000	178.0000	     nan	     nan	  1.0000
118.0000	178.0000	-25.0000	 20.0000	  0.0000
130.0000	178.0000	-90.0000	 11.7922	  0.0000
142.0000	178.0000	-56.9584	-31.4206	  0.0000
154.0000	178.0000	-25.0000	-10.0000	  0.0000
166.0000	178.0000	 67.9950	 61.1735	  0.0000
178.0000	178.0000	-19.5946	 32.2973	  0.0000
190.0000	178.0000	     nan	     nan	  1.0000
202.0000	178.0000	 22.2148	 88.0721	  0.0000
214.0000	178.0000	 35.4289	 77.1768	  0.0000
226.0000	178.0000	 37.1967	 43.6227	  0.0000
238.0000	178.0000	-12.2903	  8.0935	  0.0000
250.0000	178.0000	-21.5180	 -4.1894	  0.0000
262.0000	178.0000	-18.6160	  0.2707	  0.0000
274.0000	178.0000	     nan	     nan	  1.0000
286.0000	178.0000	-17.2426	-10.9179	  0.0000
298.0000	178.0000	-90.2445	 54.8565	  0.0000
310.0000	178.0000	-32.4168	  2.7763	  0.0000
322.0000	178.0000	-39.7140	 -1.6377	  0.0000
334.0000	178.0000	-28.8919	  7.5327	  0.0000
346.0000	178.0000	-21.9848	  8.2740	  0.0000
358.0000	178.0000	-19.8462	  7.6164	  0.0000
370.0000	178.0000	-20.9472	 17.1302	  0.0000
382.0000	178.0000	-34.2530	 20.6639	  0.0000
394.0000	178.0000	     nan	     nan	  1.0000
406.0000	178.0000	 23.0441	-38.9396	  0.0000
418.0000	178.0000	-17.9991	-32.3050	  0.0000
430.0000	178.0000	     nan	     nan	  1.0000
442.0000	178.0000	 30.1570	  0.7002	  0.0000
454.0000	178.0000	 57.9754	-67.8439	  0.0000
466.0000	178.0000	     nan	     nan	  1.0000
478.0000	178.0000	-88.3333	-25.0000	  0.0000
490.0000	178.0000	 21.3093	 20.0000	  0.0000
502.0000	178.0000	     nan	     nan	  1.0000
 10.0000	166.0000	     nan	     nan	  1.0000
 22.0000	166.0000	     nan	     nan	  1.0000
 34.0000	166.0000	-10.0000	-25.0000	  0.0000
 46.0000	166.0000	     nan	     nan	  1.0000
 58.0000	166.0000	     nan	     nan	  1.0000
 70.0000	166.0000	 35.0000	-85.0000	  0.0000
 82.0000	166.0000	 10.0000	-60.0000	  0.0000
 94.0000	166.0000	     nan	     nan	  1.0000
106.0000	166.0000	     nan	     nan	  1.0000
118.0000	166.0000	     nan	     nan	  1.0000
130.0000	166.0000	-12.7200	-77.2461	  0.0000
142.0000	166.0000	-17.9893	-73.2826	  0.0000
154.0000	166.0000	-75.0000	 70.0000	  0.0000
166.0000	166.0000	 16.7018	 40.0000	  0.0000
178.0000	166.0000	  8.5466	 37.8413	  0.0000
190.0000	166.0000	     nan	     nan	  1.0000
202.0000	166.0000	     nan	     nan	  1.0000
214.0000	166.0000	-69.7645	-54.5209	  0.0000
226.0000	166.0000	 37.0927	  1.0614	  0.0000
238.0000	166.0000	 27.0817	 36.1907	  0.0000
250.0000	166.0000	  5.8751	-22.0319	  0.0000
262.0000	166.0000	-13.0653	 13.0846	  0.0000
274.0000	166.0000	-25.7905	 10.7649	  0.0000
286.0000	166.0000	 -7.3286	 12.3124	  0.0000
298.0000	166.0000	-16.9132	 13.0722	  0.0000
310.0000	166.0000	-20.3408	 16.5930	  0.0000
322.0000	166.0000	-29.1888	-19.1282	  0.0000
334.0000	166.0000	     nan	     nan	  1.0000
346.0000	166.0000	-20.8193	 16.2070	  0.0000
358.0000	166.0000	-23.5823	 11.2916	  0.0000
370.0000	166.0000	-24.0503	 16.8172	  0.0000
382.0000	166.0000	-53.1698	-20.4835	  0.0000
394.0000	166.0000	-19.5567	-23.1100	  0.0000
406.0000	166.0000	-19.7819	-23.2316	  0.0000
418.0000	166.0000	     nan	     nan	  1.0000
430.0000	166.0000	 -6.4210	-75.9996	  0.0000
442.0000	166.0000	-40.0000	 65.0000	  0.0000
454.0000	166.0000	 38.3975	 -1.9598	  0.0000
466.0000	166.0000	 51.8694	-51.8694	  0.0000
478.0000	166.0000	     nan	     nan	  1.0000
490.0000	166.0000	     nan	     nan	  1.0000
502.0000	166.0000	 27.9330	 45.0000	  0.0000
 10.0000	154.0000	     nan	     nan	  1.0000
 22.0000	154.0000	     nan	     nan	  1.0000
 34.0000	154.0000	     nan	     nan	  1.0000
 46.0000	154.0000	     nan	     nan	  1.0000
 58.0000	154.0000	     nan	     nan	  1.0000
 70.0000	154.0000	     nan	     nan	  1.0000
 82.0000	154.0000	     nan	     nan	  1.0000
 94.0000	154.0000	     nan	     nan	  1.0000
106.0000	154.0000	     nan	     nan	  1.0000
118.0000	154.0000	 25.0000	-25.0000	  0.0000
130.0000	154.0000	 23.2560	-60.0000	  0.0000
142.0000	154.0000	 31.2124	-61.7182	  0.0000
154.0000	154.0000	 15.0000	-42.0061	  0.0000
166.0000	154.0000	     nan	     nan	  1.0000
178.0000	154.0000	     nan	     nan	  1.0000
190.0000	154.0000	  1.1005	 87.5865	  0.0000
202.0000	154.0000	-30.0000	 45.0000	  0.0000
214.0000	154.0000	 50.0000	-30.8385	  0.0000
226.0000	154.0000	 15.2553	-21.4013	  0.0000
238.0000	154.0000	 15.8417	-79.2638	  0.0000
250.0000	154.0000	 16.8215	-34.5559	  0.0000
262.0000	154.0000	  0.4770	 22.7893	  0.0000
274.0000	154.0000	-12.9716	 20.9521	  0.0000
286.0000	154.0000	-77.5914	-39.0119	  0.0000
298.0000	154.0000	-30.6204	 17.6344	  0.0000
310.0000	154.0000	-37.1327	 11.5862	  0.0000
322.0000	154.0000	-30.2991	  3.9341	  0.0000
334.0000	154.0000	-19.3329	 12.0373	  0.0000
346.0000	154.0000	-10.3239	-11.9266	  0.0000
358.0000	154.0000	 18.0282	 38.7451	  0.0000
370.0000	154.0000	-33.7830	 32.6614	  0.0000
382.0000	154.0000	-61.5879	 60.1076	  0.0000
394.0000	154.0000	     nan	     nan	  1.0000
406.0000	154.0000	-18.9505	 54.8990	  0.0000
418.0000	154.0000	-75.6529	-50.8728	  0.0000
430.0000	154.0000	-89.3098	-15.0000	  0.0000
442.0000	154.0000	-30.6831	 81.7569	  0.0000
454.0000	154.0000	-35.0000	-78.1018	  0.0000
466.0000	154.0000	 -3.0084	 30.0000	  0.0000
478.0000	154.0000	     nan	     nan	  1.0000
490.0000	154.0000	  5.0000	-65.0000	  0.0000
502.0000	154.0000	 -5.0000	 65.0000	  0.0000
 10.0000	142.0000	 21.9598	-11.9598	  0.0000
 22.0000	142.0000	     nan	     nan	  1.0000
 34.0000	142.0000	     nan	     nan	  1.0000
 46.0000	142.0000	     nan	     nan	  1.0000
 58.0000	142.0000	     nan	     nan	  1.0000
 70.0000	142.0000	 42.8403	 50.0000	  0.0000
 82.0000	142.0000	 65.0000	 95.0000	  0.0000
 94.0000	142.0000	     nan	     nan	  1.0000
106.0000	142.0000	     nan	     nan	  1.0000
118.0000	142.0000	     nan	     nan	  1.0000
130.0000	142.0000	     nan	     nan	  1.0000
142.0000	142.0000	     nan	     nan	  1.0000
154.0000	142.0000	 23.2255	 66.7745	  0.0000
166.0000	142.0000	     nan	     nan	  1.0000
178.0000	142.0000	     nan	     nan	  1.0000
190.0000	142.0000	     nan	     nan	  1.0000
202.0000	142.0000	 85.0000	-18.9205	  0.0000
214.0000	142.0000	 59.3947	  7.3182	  0.0000
226.0000	142.0000	-90.7509	 73.5287	  0.0000
238.0000	142.0000	 51.6573	 -5.2144	  0.0000
250.0000	142.0000	     nan	     nan	  1.0000
262.0000	142.0000	-10.0278	  1.0780	  0.0000
274.0000	142.0000	 37.5834	-48.1107	  0.0000
286.0000	142.0000	     nan	     nan	  1.0000
298.0000	142.0000	-20.3537	 12.5941	  0.0000
310.0000	142.0000	     nan	     nan	  1.0000
322.0000	142.0000	-34.8650	  0.0996	  0.0000
334.0000	142.0000	 -8.0966	  1.3994	  0.0000
346.0000	142.0000	-16.1704	  1.9102	  0.0000
358.0000	142.0000	-47.6276	 35.3540	  0.0000
370.0000	142.0000	-16.9776	 31.3311	  0.0000
382.0000	142.0000	-86.7523	 19.1354	  0.0000
394.0000	142.0000	  3.6422	-34.4044	  0.0000
406.0000	142.0000	     nan	     nan	  1.0000
418.0000	142.0000	     nan	     nan	  1.0000
430.0000	142.0000	-69.2303	 21.7133	  0.0000
442.0000	142.0000	-62.2809	 81.5565	  0.0000
454.0000	142.0000	-77.3659	-43.3307	  0.0000
466.0000	142.0000	     nan	     nan	  1.0000
478.0000	142.0000	 70.0000	 65.0000	  0.0000
490.0000	142.0000	     nan	     nan	  1.0000
502.0000	142.0000	-41.6667	-85.0000	  0.0000
 10.0000	130.0000	     nan	     nan	  1.0000
 22.0000	130.0000	     nan	     nan	  1.0000
 34.0000	130.0000	     nan	     nan	  1.0000
 46.0000	130.0000	     nan	     nan	  1.0000
 58.0000	130.0000	     nan	     nan	  1.0000
 70.0000	130.0000	     nan	     nan	  1.0000
 82.0000	130.0000	     nan	     nan	  1.0000
 94.0000	130.0000	     nan	     nan	  1.0000
106.0000	130.0000	     nan	     nan	  1.0000
118.0000	130.0000	-60.0000	 15.0000	  0.0000
130.0000	130.0000	 60.0000	 -0.0000	  0.0000
142.0000	130.0000	 20.0000	 -5.0000	  0.0000
154.0000	130.0000	     nan	     nan	  1.0000
166.0000	130.0000	     nan	     nan	  1.0000
178.0000	130.0000	-53.2814	-70.0000	  0.0000
190.0000	130.0000	-20.0000	-45.0000	  0.0000
202.0000	130.0000	 83.7111	 -5.0000	  0.0000
214.0000	130.0000	 72.6177	 81.6309	  0.0000
226.0000	130.0000	     nan	     nan	  1.0000
238.0000	130.0000	 84.6919	 12.7479	  0.0000
250.0000	130.0000	 17.7358	  6.2430	  0.0000
262.0000	130.0000	     nan	     nan	  1.0000
274.0000	130.0000	-23.3117	 15.2432	  0.0000
286.0000	130.0000	-25.6177	 16.4841	  0.0000
298.0000	130.0000	-10.9798	 13.3764	  0.0000
310.0000	130.0000	-26.4726	 16.1802	  0.0000
322.0000	130.0000	-36.1008	 16.0127	  0.0000
334.0000	130.0000	-21.5355	 11.6443	  0.0000
346.0000	130.0000	-23.9165	  9.9150	  0.0000
358.0000	130.0000	-20.9800	  5.5780	  0.0000
370.0000	130.0000	 73.8807	 63.3867	  0.0000
382.0000	130.0000	 31.6406	 14.3422	  0.0000
394.0000	130.0000	-53.3618	 -2.9452	  0.0000
406.0000	130.0000	     nan	     nan	  1.0000
418.0000	130.0000	-23.1567	 71.7369	  0.0000
430.0000	130.0000	 70.0000	-78.0116	  0.0000
442.0000	130.0000	     nan	     nan	  1.0000
454.0000	130.0000	     nan	     nan	  1.0000
466.0000	130.0000	     nan	     nan	  1.0000
478.0000	130.0000	-25.0000	 40.0000	  0.0000
490.0000	130.0000	-40.0000	 45.0000	  0.0000
502.0000	130.0000	     nan	     nan	  1.0000
 10.0000	118.0000	     nan	     nan	  1.0000
 22.0000	118.0000	     nan	     nan	  1.0000
 34.0000	118.0000	     nan	     nan	  1.0000
 46.0000	118.0000	     nan	     nan	  1.0000
 58.0000	118.0000	  5.0000	 25.0000	  0.0000
 70.0000	118.0000	-75.0000	-40.0091	  0.0000
 82.0000	118.0000	     nan	     nan	  1.0000
 94.0000	118.0000	     nan	     nan	  1.0000
106.0000	118.0000	     nan	     nan	  1.0000
118.0000	118.0000	-61.3093	 18.6907	  0.0000
130.0000	118.0000	-55.0000	 45.0000	  0.0000
142.0000	118.0000	     nan	     nan	  1.0000
154.0000	118.0000	     nan	     nan	  1.0000
166.0000	118.0000	     nan	     nan	  1.0000
178.0000	118.0000	-30.0000	-25.0000	  0.0000
190.0000	118.0000	 -8.0062	 50.0000	  0.0000
202.0000	118.0000	 71.1208	-70.0000	  0.0000
214.0000	118.0000	 -1.7270	  5.2915	  0.0000
226.0000	118.0000	  9.1432	 66.6782	  0.0000
238.0000	118.0000	-76.8125	 73.8354	  0.0000
250.0000	118.0000	     nan	     nan	  1.0000
262.0000	118.0000	 18.1723	 29.4536	  0.0000
274.0000	118.0000	-14.3862	 20.2621	  0.0000
286.0000	118.0000	-15.7201	 23.0479	  0.0000
298.0000	118.0000	     nan	     nan	  1.0000
310.0000	118.0000	-89.4345	 67.9581	  0.0000
322.0000	118.0000	-30.3881	 20.7967	  0.0000
334.0000	118.0000	 70.9323	 52.4783	  0.0000
346.0000	118.0000	-36.8157	 43.2994	  0.0000
358.0000	118.0000	 59.6015	 57.1902	  0.0000
370.0000	118.0000	 60.9365	-52.8084	  0.0000
382.0000	118.0000	 70.2660	-61.2157	  0.0000
394.0000	118.0000	 71.3734	-22.0683	  0.0000
406.0000	118.0000	 66.7722	 33.5118	  0.0000
418.0000	118.0000	-18.6587	 68.1443	  0.0000
430.0000	118.0000	 51.8298	 85.0000	  0.0000
442.0000	118.0000	     nan	     nan	  1.0000
454.0000	118.0000	-55.0000	-55.0000	  0.0000
466.0000	118.0000	     nan	     nan	  1.0000
478.0000	118.0000	-41.9598	-68.0402	  0.0000
490.0000	118.0000	     nan	     nan	  1.0000
502.0000	118.0000	 -1.2451	 68.7549	  0.0000
 10.0000	106.0000	 85.0000	 85.0000	  0.0000
 22.0000	106.0000	-75.0000	 30.0458	  0.0000
 34.0000	106.0000	     nan	     nan	  1.0000
 46.0000	106.0000	     nan	     nan	  1.0000
 58.0000	106.0000	  5.0000	 25.0000	  0.0000
 70.0000	106.0000	 40.0000	  5.0000	  0.0000
 82.0000	106.0000	 35.0000	 10.0000	  0.0000
 94.0000	106.0000	     nan	     nan	  1.0000
106.0000	106.0000	     nan	     nan	  1.0000
118.0000	106.0000	  0.0000	-40.0000	  0.0000
130.0000	106.0000	-10.0000	-35.0000	  0.0000
142.0000	106.0000	     nan	     nan	  1.0000
154.0000	106.0000	  8.3333	-45.0000	  0.0000
166.0000	106.0000	 30.0000	-17.2510	  0.0000
178.0000	106.0000	 35.0000	-25.0000	  0.0000
190.0000	106.0000	 66.3195	  7.2804	  0.0000
202.0000	106.0000	     nan	     nan	  1.0000
214.0000	106.0000	     nan	     nan	  1.0000
226.0000	106.0000	 72.6054	-16.2271	  0.0000
238.0000	106.0000	-29.8146	-77.2569	  0.0000
250.0000	106.0000	 12.9494	  5.4189	  0.0000
262.0000	106.0000	-77.6730	 90.8574	  0.0000
274.0000	106.0000	 21.3468	-20.7253	  0.0000
286.0000	106.0000	 21.4974	 31.4710	  0.0000
298.0000	106.0000	-28.1098	 16.1492	  0.0000
310.0000	106.0000	 -3.6277	 20.0414	  0.0000
322.0000	106.0000	 -4.0202	 15.1922	  0.0000
334.0000	106.0000	     nan	     nan	  1.0000
346.0000	106.0000	-48.8995	 69.5544	  0.0000
358.0000	106.0000	-23.0979	-40.8376	  0.0000
370.0000	106.0000	 13.9891	  5.3724	  0.0000
382.0000	106.0000	     nan	     nan	  1.0000
394.0000	106.0000	 84.7201	-26.6105	  0.0000
406.0000	106.0000	 21.2730	 35.0000	  0.0000
418.0000	106.0000	 -0.7271	 75.0000	  0.0000
430.0000	106.0000	     nan	     nan	  1.0000
442.0000	106.0000	     nan	     nan	  1.0000
454.0000	106.0000	-38.7984	-71.8288	  0.0000
466.0000	106.0000	-60.0000	-20.0000	  0.0000
478.0000	106.0000	     nan	     nan	  1.0000
490.0000	106.0000	-38.3333	 75.0000	  0.0000
502.0000	106.0000	     nan	     nan	  1.0000
 10.0000	 94.0000	 70.0000	 72.0669	  0.0000
 22.0000	 94.0000	-75.0000	 35.0000	  0.0000
 34.0000	 94.0000	     nan	     nan	  1.0000
 46.0000	 94.0000	     nan	     nan	  1.0000
 58.0000	 94.0000	     nan	     nan	  1.0000
 70.0000	 94.0000	     nan	     nan	  1.0000
 82.0000	 94.0000	     nan	     nan	  1.0000
 94.0000	 94.0000	     nan	     nan	  1.0000
106.0000	 94.0000	     nan	     nan	  1.0000
118.0000	 94.0000	 20.0000	 65.0000	  0.0000
130.0000	 94.0000	 49.9773	 85.0000	  0.0000
142.0000	 94.0000	     nan	     nan	  1.0000
154.0000	 94.0000	     nan	     nan	  1.0000
166.0000	 94.0000	     nan	     nan	  1.0000
178.0000	 94.0000	     nan	     nan	  1.0000
190.0000	 94.0000	 35.0000	 75.0000	  0.0000
202.0000	 94.0000	 37.0826	 70.0000	  0.0000
214.0000	 94.0000	-70.0000	 50.0000	  0.0000
226.0000	 94.0000	  8.5513	 26.7326	  0.0000
238.0000	 94.0000	     nan	     nan	  1.0000
250.0000	 94.0000	 27.1369	 27.7501	  0.0000
262.0000	 94.0000	     nan	     nan	  1.0000
274.0000	 94.0000	     nan	     nan	  1.0000
286.0000	 94.0000	     nan	     nan	  1.0000
298.0000	 94.0000	 80.4902	 47.8082	  0.0000
310.0000	 94.0000	 44.6940	 43.0340	  0.0000
322.0000	 94.0000	-10.4038	-19.2451	  0.0000
334.0000	 94.0000	-14.0700	-18.5150	  0.0000
346.0000	 94.0000	 37.5252	-32.2979	  0.0000
358.0000	 94.0000	 11.8732	 40.4093	  0.0000
370.0000	 94.0000	     nan	     nan	  1.0000
382.0000	 94.0000	 11.0954	 22.8924	  0.0000
394.0000	 94.0000	 83.2268	-63.3146	  0.0000
406.0000	 94.0000	     nan	     nan	  1.0000
418.0000	 94.0000	     nan	     nan	  1.0000
430.0000	 94.0000	 61.2451	 20.0000	  0.0000
442.0000	 94.0000	     nan	     nan	  1.0000
454.0000	 94.0000	-10.0000	 50.0000	  0.0000
466.0000	 94.0000	     nan	     nan	  1.0000
478.0000	 94.0000	 21.6667	 45.0000	  0.0000
490.0000	 94.0000	     nan	     nan	  1.0000
502.0000	 94.0000	     nan	     nan	  1.0000
 10.0000	 82.0000	     nan	     nan	  1.0000
 22.0000	 82.0000	     nan	     nan	  1.0000
 34.0000	 82.0000	     nan	     nan	  1.0000
 46.0000	 82.0000	 40.0000	 10.0000	  0.0000
 58.0000	 82.0000	     nan	     nan	  1.0000
 70.0000	 82.0000	     nan	     nan	  1.0000
 82.0000	 82.0000	     nan	     nan	  1.0000
 94.0000	 82.0000	     nan	     nan	  1.0000
106.0000	 82.0000	     nan	     nan	  1.0000
118.0000	 82.0000	     nan	     nan	  1.0000
130.0000	 82.0000	 15.3707	 75.0000	  0.0000
142.0000	 82.0000	 17.6958	 -7.6958	  0.0000
154.0000	 82.0000	-65.0000	 80.0000	  0.0000
166.0000	 82.0000	     nan	     nan	  1.0000
178.0000	 82.0000	-20.0000	 30.0000	  0.0000
190.0000	 82.0000	     nan	     nan	  1.0000
202.0000	 82.0000	 15.3867	 90.0000	  0.0000
214.0000	 82.0000	 10.0000	-15.0000	  0.0000
226.0000	 82.0000	     nan	     nan	  1.0000
238.0000	 82.0000	  1.4474	 77.6119	  0.0000
250.0000	 82.0000	     nan	     nan	  1.0000
262.0000	 82.0000	-67.3440	 76.9837	  0.0000
274.0000	 82.0000	 21.9880	 21.4752	  0.0000
286.0000	 82.0000	-58.7352	 20.0661	  0.0000
298.0000	 82.0000	-69.0083	 46.9830	  0.0000
310.0000	 82.0000	-50.7053	-19.4572	  0.0000
322.0000	 82.0000	  6.6281	 81.1641	  0.0000
334.0000	 82.0000	-89.2637	-40.3372	  0.0000
346.0000	 82.0000	 67.5548	-31.1577	  0.0000
358.0000	 82.0000	 23.8306	 40.0000	  0.0000
370.0000	 82.0000	-80.0000	-22.6778	  0.0000
382.0000	 82.0000	-49.3955	 -1.4919	  0.0000
394.0000	 82.0000	 10.0000	 87.2721	  0.0000
406.0000	 82.0000	-71.9598	 13.0416	  0.0000
418.0000	 82.0000	     nan	     nan	  1.0000
430.0000	 82.0000	-80.0000	 40.0000	  0.0000
442.0000	 82.0000	-71.6667	-50.0000	  0.0000
454.0000	 82.0000	     nan	     nan	  1.0000
466.0000	 82.0000	     nan	     nan	  1.0000
478.0000	 82.0000	 60.0000	 15.0000	  0.0000
490.0000	 82.0000	 -7.9330	-25.0000	  0.0000
502.0000	 82.0000	     nan	     nan	  1.0000
 10.0000	 70.0000	     nan	     nan	  1.0000
 22.0000	 70.0000	     nan	     nan	  1.0000
 34.0000	 70.0000	     nan	     nan	  1.0000
 46.0000	 70.0000	     nan	     nan	  1.0000
 58.0000	 70.0000	     nan	     nan	  1.0000
 70.0000	 70.0000	     nan	     nan	  1.0000
 82.0000	 70.0000	     nan	     nan	  1.0000
 94.0000	 70.0000	     nan	     nan	  1.0000
106.0000	 70.0000	     nan	     nan	  1.0000
118.0000	 70.0000	     nan	     nan	  1.0000
130.0000	 70.0000	     nan	     nan	  1.0000
142.0000	 70.0000	 20.0000	 -5.0000	  0.0000
154.0000	 70.0000	     nan	     nan	  1.0000
166.0000	 70.0000	-95.0000	 95.0000	  0.0000
178.0000	 70.0000	     nan	     nan	  1.0000
190.0000	 70.0000	     nan	     nan	  1.0000
202.0000	 70.0000	 80.0000	 75.0000	  0.0000
214.0000	 70.0000	     nan	     nan	  1.0000
226.0000	 70.0000	-77.2148	 -0.0000	  0.0000
238.0000	 70.0000	 61.1727	 -0.0000	  0.0000
250.0000	 70.0000	     nan	     nan	  1.0000
262.0000	 70.0000	 49.3950	-65.4243	  0.0000
274.0000	 70.0000	 38.7969	 65.0000	  0.0000
286.0000	 70.0000	     nan	     nan	  1.0000
298.0000	 70.0000	-87.9168	 -7.5594	  0.0000
310.0000	 70.0000	     nan	     nan	  1.0000
322.0000	 70.0000	     nan	     nan	  1.0000
334.0000	 70.0000	-73.0738	-14.2983	  0.0000
346.0000	 70.0000	     nan	     nan	  1.0000
358.0000	 70.0000	     nan	     nan	  1.0000
370.0000	 70.0000	 38.0402	 28.0402	  0.0000
382.0000	 70.0000	  3.5918	-77.3980	  0.0000
394.0000	 70.0000	-55.4175	 80.0000	  0.0000
406.0000	 70.0000	-75.0000	 21.8982	  0.0000
418.0000	 70.0000	  0.0000	  5.0000	  0.0000
430.0000	 70.0000	     nan	     nan	  1.0000
442.0000	 70.0000	-68.0415	-71.1508	  0.0000
454.0000	 70.0000	     nan	     nan	  1.0000
466.0000	 70.0000	     nan	     nan	  1.0000
478.0000	 70.0000	-15.0000	-50.0000	  0.0000
490.0000	 70.0000	 15.0000	  5.0000	  0.0000
502.0000	 70.0000	 57.6958	 75.0000	  0.0000
 10.0000	 58.0000	     nan	     nan	  1.0000
 22.0000	 58.0000	     nan	     nan	  1.0000
 34.0000	 58.0000	     nan	     nan	  1.0000
 46.0000	 58.0000	     nan	     nan	  1.0000
 58.0000	 58.0000	     nan	     nan	  1.0000
 70.0000	 58.0000	     nan	     nan	  1.0000
 82.0000	 58.0000	     nan	     nan	  1.0000
 94.0000	 58.0000	     nan	     nan	  1.0000
106.0000	 58.0000	     nan	     nan	  1.0000
118.0000	 58.0000	     nan	     nan	  1.0000
130.0000	 58.0000	 55.0000	 75.0000	  0.0000
142.0000	 58.0000	 80.0000	 90.0000	  0.0000
154.0000	 58.0000	     nan	     nan	  1.0000
166.0000	 58.0000	     nan	     nan	  1.0000
178.0000	 58.0000	     nan	     nan	  1.0000
190.0000	 58.0000	     nan	     nan	  1.0000
202.0000	 58.0000	 41.7793	 -1.7793	  0.0000
214.0000	 58.0000	-82.0160	 15.0000	  0.0000
226.0000	 58.0000	-30.0000	 20.0000	  0.0000
238.0000	 58.0000	 56.4928	 41.7876	  0.0000
250.0000	 58.0000	-80.1722	 12.7352	  0.0000
262.0000	 58.0000	-47.7272	 47.7272	  0.0000
274.0000	 58.0000	     nan	     nan	  1.0000
286.0000	 58.0000	  7.5591	 -8.4157	  0.0000
298.0000	 58.0000	-92.1156	 13.7934	  0.0000
310.0000	 58.0000	-13.9505	 18.2273	  0.0000
322.0000	 58.0000	-59.4687	-31.3230	  0.0000
334.0000	 58.0000	-11.0593	 11.7783	  0.0000
346.0000	 58.0000	 -3.2585	  8.2202	  0.0000
358.0000	 58.0000	-15.0000	 39.9538	  0.0000
370.0000	 58.0000	     nan	     nan	  1.0000
382.0000	 58.0000	 -0.9984	 21.7034	  0.0000
394.0000	 58.0000	     nan	     nan	  1.0000
406.0000	 58.0000	 30.0000	 85.0000	  0.0000
418.0000	 58.0000	 15.0000	-75.0000	  0.0000
430.0000	 58.0000	 15.0000	 65.0000	  0.0000
442.0000	 58.0000	  5.0000	 65.0000	  0.0000
454.0000	 58.0000	     nan	     nan	  1.0000
466.0000	 58.0000	     nan	     nan	  1.0000
478.0000	 58.0000	     nan	     nan	  1.0000
490.0000	 58.0000	     nan	     nan	  1.0000
502.0000	 58.0000	     nan	     nan	  1.0000
 10.0000	 46.0000	     nan	     nan	  1.0000
 22.0000	 46.0000	     nan	     nan	  1.0000
 34.0000	 46.0000	     nan	     nan	  1.0000
 46.0000	 46.0000	     nan	     nan	  1.0000
 58.0000	 46.0000	     nan	     nan	  1.0000
 70.0000	 46.0000	-50.0000	 50.0000	  0.0000
 82.0000	 46.0000	     nan	     nan	  1.0000
 94.0000	 46.0000	     nan	     nan	  1.0000
106.0000	 46.0000	     nan	     nan	  1.0000
118.0000	 46.0000	     nan	     nan	  1.0000
130.0000	 46.0000	     nan	     nan	  1.0000
142.0000	 46.0000	     nan	     nan	  1.0000
154.0000	 46.0000	     nan	     nan	  1.0000
166.0000	 46.0000	     nan	     nan	  1.0000
178.0000	 46.0000	     nan	     nan	  1.0000
190.0000	 46.0000	     nan	     nan	  1.0000
202.0000	 46.0000	 25.0000	 41.5144	  0.0000
214.0000	 46.0000	-50.0000	 32.3917	  0.0000
226.0000	 46.0000	     nan	     nan	  1.0000
238.0000	 46.0000	     nan	     nan	  1.0000
250.0000	 46.0000	     nan	     nan	  1.0000
262.0000	 46.0000	 66.3588	 62.6965	  0.0000
274.0000	 46.0000	     nan	     nan	  1.0000
286.0000	 46.0000	     nan	     nan	  1.0000
298.0000	 46.0000	     nan	     nan	  1.0000
310.0000	 46.0000	-51.7969	 50.8238	  0.0000
322.0000	 46.0000	     nan	     nan	  1.0000
334.0000	 46.0000	-93.5627	 48.1451	  0.0000
346.0000	 46.0000	-66.3937	-41.8949	  0.0000
358.0000	 46.0000	     nan	     nan	  1.0000
370.0000	 46.0000	-88.6010	 45.0000	  0.0000
382.0000	 46.0000	     nan	     nan	  1.0000
394.0000	 46.0000	     nan	     nan	  1.0000
406.0000	 46.0000	-40.0000	 70.0000	  0.0000
418.0000	 46.0000	-47.9704	 75.0000	  0.0000
430.0000	 46.0000	     nan	     nan	  1.0000
442.0000	 46.0000	     nan	     nan	  1.0000
454.0000	 46.0000	     nan	     nan	  1.0000
466.0000	 46.0000	     nan	     nan	  1.0000
478.0000	 46.0000	     nan	     nan	  1.0000
490.0000	 46.0000	 80.0000	-80.0000	  0.0000
502.0000	 46.0000	     nan	     nan	  1.0000
 10.0000	 34.0000	-50.0000	 45.0000	  0.0000
 22.0000	 34.0000	     nan	     nan	  1.0000
 34.0000	 34.0000	     nan	     nan	  1.0000
 46.0000	 34.0000	     nan	     nan	  1.0000
 58.0000	 34.0000	     nan	     nan	  1.0000
 70.0000	 34.0000	 21.1506	-20.0000	  0.0000
 82.0000	 34.0000	 35.0000	-25.0000	  0.0000
 94.0000	 34.0000	     nan	     nan	  1.0000
106.0000	 34.0000	     nan	     nan	  1.0000
118.0000	 34.0000	     nan	     nan	  1.0000
130.0000	 34.0000	     nan	     nan	  1.0000
142.0000	 34.0000	     nan	     nan	  1.0000
154.0000	 34.0000	     nan	     nan	  1.0000
166.0000	 34.0000	     nan	     nan	  1.0000
178.0000	 34.0000	     nan	     nan	  1.0000
190.0000	 34.0000	     nan	     nan	  1.0000
202.0000	 34.0000	 72.0105	 92.1402	  0.0000
214.0000	 34.0000	     nan	     nan	  1.0000
226.0000	 34.0000	-65.0000	 65.0000	  0.0000
238.0000	 34.0000	-58.1419	 27.1597	  0.0000
250.0000	 34.0000	 80.0000	 10.0000	  0.0000
262.0000	 34.0000	     nan	     nan	  1.0000
274.0000	 34.0000	-40.0000	-70.0000	  0.0000
286.0000	 34.0000	 25.0000	-17.9330	  0.0000
298.0000	 34.0000	-52.0846	 80.0000	  0.0000
310.0000	 34.0000	     nan	     nan	  1.0000
322.0000	 34.0000	     nan	     nan	  1.0000
334.0000	 34.0000	-71.1981	-31.5179	  0.0000
346.0000	 34.0000	     nan	     nan	  1.0000
358.0000	 34.0000	 70.0000	-38.3333	  0.0000
370.0000	 34.0000	  0.0000	-75.0000	  0.0000
382.0000	 34.0000	 75.0000	-77.9330	  0.0000
394.0000	 34.0000	     nan	     nan	  1.0000
406.0000	 34.0000	     nan	     nan	  1.0000
418.0000	 34.0000	-82.7473	 80.0000	  0.0000
430.0000	 34.0000	     nan	     nan	  1.0000
442.0000	 34.0000	     nan	     nan	  1.0000
454.0000	 34.0000	-90.0000	 40.0000	  0.0000
466.0000	 34.0000	     nan	     nan	  1.0000
478.0000	 34.0000	     nan	     nan	  1.0000
490.0000	 34.0000	     nan	     nan	  1.0000
502.0000	 34.0000	     nan	     nan	  1.0000
 10.0000	 22.0000	-49.8488	 50.0000	  0.0000
 22.0000	 22.0000	     nan	     nan	  1.0000
 34.0000	 22.0000	     nan	     nan	  1.0000
 46.0000	 22.0000	     nan	     nan	  1.0000
 58.0000	 22.0000	     nan	     nan	  1.0000
 70.0000	 22.0000	 20.0000	 -5.0000	  0.0000
 82.0000	 22.0000	     nan	     nan	  1.0000
 94.0000	 22.0000	     nan	     nan	  1.0000
106.0000	 22.0000	     nan	     nan	  1.0000
118.0000	 22.0000	 21.8982	-50.0000	  0.0000
130.0000	 22.0000	-41.4206	-50.0000	  0.0000
142.0000	 22.0000	     nan	     nan	  1.0000
154.0000	 22.0000	     nan	     nan	  1.0000
166.0000	 22.0000	     nan	     nan	  1.0000
178.0000	 22.0000	     nan	     nan	  1.0000
190.0000	 22.0000	-38.0143	-55.0000	  0.0000
202.0000	 22.0000	     nan	     nan	  1.0000
214.0000	 22.0000	     nan	     nan	  1.0000
226.0000	 22.0000	     nan	     nan	  1.0000
238.0000	 22.0000	 35.0000	 48.0867	  0.0000
250.0000	 22.0000	 13.2814	 45.0000	  0.0000
262.0000	 22.0000	     nan	     nan	  1.0000
274.0000	 22.0000	     nan	     nan	  1.0000
286.0000	 22.0000	 85.0000	 -5.0000	  0.0000
298.0000	 22.0000	 56.9843	-71.6712	  0.0000
310.0000	 22.0000	     nan	     nan	  1.0000
322.0000	 22.0000	 42.7875	 90.0000	  0.0000
334.0000	 22.0000	 25.0000	-27.6958	  0.0000
346.0000	 22.0000	-38.1431	-68.1431	  0.0000
358.0000	 22.0000	     nan	     nan	  1.0000
370.0000	 22.0000	 -2.7875	-61.8298	  0.0000
382.0000	 22.0000	     nan	     nan	  1.0000
394.0000	 22.0000	     nan	     nan	  1.0000
406.0000	 22.0000	     nan	     nan	  1.0000
418.0000	 22.0000	     nan	     nan	  1.0000
430.0000	 22.0000	 10.0000	-50.0000	  0.0000
442.0000	 22.0000	     nan	     nan	  1.0000
454.0000	 22.0000	-90.0000	 35.0000	  0.0000
466.0000	 22.0000	     nan	     nan	  1.0000
478.0000	 22.0000	     nan	     nan	  1.0000
490.0000	 22.0000	     nan	     nan	  1.0000
502.0000	 22.0000	 70.0000	-70.0000	  0.0000
 10.0000	 10.0000	-11.2739	-60.0000	  0.0000
 22.0000	 10.0000	     nan	     nan	  1.0000
 34.0000	 10.0000	     nan	     nan	  1.0000
 46.0000	 10.0000	     nan	     nan	  1.0000
 58.0000	 10.0000	 57.6958	 55.0000	  0.0000
 70.0000	 10.0000	 45.0000	 60.0000	  0.0000
 82.0000	 10.0000	-11.9598	-48.0402	  0.0000
 94.0000	 10.0000	     nan	     nan	  1.0000
106.0000	 10.0000	     nan	     nan	  1.0000
118.0000	 10.0000	 50.0000	 85.0000	  0.0000
130.0000	 10.0000	     nan	     nan	  1.0000
142.0000	 10.0000	     nan	     nan	  1.0000
154.0000	 10.0000	     nan	     nan	  1.0000
166.0000	 10.0000	     nan	     nan	  1.0000
178.0000	 10.0000	  0.0000	-30.0000	  0.0000
190.0000	 10.0000	     nan	     nan	  1.0000
202.0000	 10.0000	     nan	     nan	  1.0000
214.0000	 10.0000	 70.0000	-20.0000	  0.0000
226.0000	 10.0000	 29.1124	-58.8491	  0.0000
238.0000	 10.0000	 29.1128	-58.8495	  0.0000
250.0000	 10.0000	     nan	     nan	  1.0000
262.0000	 10.0000	 20.0381	 41.9279	  0.0000
274.0000	 10.0000	 16.6948	 40.5404	  0.0000
286.0000	 10.0000	 26.6504	-60.0000	  0.0000
298.0000	 10.0000	 29.4663	-60.7749	  0.0000
310.0000	 10.0000	 46.7186	-25.0000	  0.0000
322.0000	 10.0000	-71.2451	 -5.0000	  0.0000
334.0000	 10.0000	-61.2451	-20.0000	  0.0000
346.0000	 10.0000	 10.0000	 14.6521	  0.0000
358.0000	 10.0000	     nan	     nan	  1.0000
370.0000	 10.0000	     nan	     nan	  1.0000
382.0000	 10.0000	-85.0000	 75.0000	  0.0000
394.0000	 10.0000	     nan	     nan	  1.0000
406.0000	 10.0000	     nan	     nan	  1.0000
418.0000	 10.0000	     nan	     nan	  1.0000
430.0000	 10.0000	 10.0000	 17.6958	  0.0000
442.0000	 10.0000	     nan	     nan	  1.0000
454.0000	 10.0000	     nan	     nan	  1.0000
466.0000	 10.0000	     nan	     nan	  1.0000
478.0000	 10.0000	     nan	     nan	  1.0000
490.0000	 10.0000	     nan	     nan	  1.0000
502.0000	 10.0000	     nan	     nan	  1.0000
